# LIBC V1.5 He4 V1
# E E[MeV/u] F1[mm] F2[mm] F3[mm] F4[mm] F5[mm] F6[mm]    I1      I2      I3      I4      I5      I6      I7      I8      I9     I10     I11     I12     I13     I14     I15
  1   50.57   18.6   19.0   19.7   20.6   23.4   26.9  2.0e+07 3.0e+07 5.0e+07 8.0e+07 1.0e+08 1.5e+08 2.0e+08 3.0e+08 5.0e+08 8.0e+08 1.0e+09 1.5e+09 2.0e+09 3.0e+09 5.0e+09
  2   51.79   18.2   18.6   19.3   20.2   23.1   26.6  2.0e+07 3.0e+07 5.0e+07 8.0e+07 1.0e+08 1.5e+08 2.0e+08 3.0e+08 5.0e+08 8.0e+08 1.0e+09 1.5e+09 2.0e+09 3.0e+09 5.0e+09
  3   52.98   17.8   18.2   18.9   19.9   22.8   26.3  2.0e+07 3.0e+07 5.0e+07 8.0e+07 1.0e+08 1.5e+08 2.0e+08 3.0e+08 5.0e+08 8.0e+08 1.0e+09 1.5e+09 2.0e+09 3.0e+09 5.0e+09
  4   54.15   17.4   17.8   18.6   19.5   22.4   26.1  2.0e+07 3.0e+07 5.0e+07 8.0e+07 1.0e+08 1.5e+08 2.0e+08 3.0e+08 5.0e+08 8.0e+08 1.0e+09 1.5e+09 2.0e+09 3.0e+09 5.0e+09
  5   55.30   17.0   17.4   18.2   19.2   22.2   25.8  2.0e+07 3.0e+07 5.0e+07 8.0e+07 1.0e+08 1.5e+08 2.0e+08 3.0e+08 5.0e+08 8.0e+08 1.0e+09 1.5e+09 2.0e+09 3.0e+09 5.0e+09
  6   56.44   16.7   17.1   17.9   18.9   21.9   25.6  2.0e+07 3.0e+07 5.0e+07 8.0e+07 1.0e+08 1.5e+08 2.0e+08 3.0e+08 5.0e+08 8.0e+08 1.0e+09 1.5e+09 2.0e+09 3.0e+09 5.0e+09
  7   57.55   16.3   16.7   17.6   18.6   21.6   25.4  2.0e+07 3.0e+07 5.0e+07 8.0e+07 1.0e+08 1.5e+08 2.0e+08 3.0e+08 5.0e+08 8.0e+08 1.0e+09 1.5e+09 2.0e+09 3.0e+09 5.0e+09
  8   58.65   16.0   16.4   17.3   18.3   21.4   25.2  2.0e+07 3.0e+07 5.0e+07 8.0e+07 1.0e+08 1.5e+08 2.0e+08 3.0e+08 5.0e+08 8.0e+08 1.0e+09 1.5e+09 2.0e+09 3.0e+09 5.0e+09
  9   59.74   15.7   16.1   17.0   18.0   21.2   25.0  2.0e+07 3.0e+07 5.0e+07 8.0e+07 1.0e+08 1.5e+08 2.0e+08 3.0e+08 5.0e+08 8.0e+08 1.0e+09 1.5e+09 2.0e+09 3.0e+09 5.0e+09
 10   60.80   15.4   15.8   16.7   17.8   21.0   24.8  2.0e+07 3.0e+07 5.0e+07 8.0e+07 1.0e+08 1.5e+08 2.0e+08 3.0e+08 5.0e+08 8.0e+08 1.0e+09 1.5e+09 2.0e+09 3.0e+09 5.0e+09
 11   61.86   15.1   15.6   16.5   17.5   20.7   24.6  2.0e+07 3.0e+07 5.0e+07 8.0e+07 1.0e+08 1.5e+08 2.0e+08 3.0e+08 5.0e+08 8.0e+08 1.0e+09 1.5e+09 2.0e+09 3.0e+09 5.0e+09
 12   62.90   14.9   15.3   16.2   17.3   20.6   24.4  2.0e+07 3.0e+07 5.0e+07 8.0e+07 1.0e+08 1.5e+08 2.0e+08 3.0e+08 5.0e+08 8.0e+08 1.0e+09 1.5e+09 2.0e+09 3.0e+09 5.0e+09
 13   63.93   14.6   15.1   16.0   17.1   20.4   24.3  2.0e+07 3.0e+07 5.0e+07 8.0e+07 1.0e+08 1.5e+08 2.0e+08 3.0e+08 5.0e+08 8.0e+08 1.0e+09 1.5e+09 2.0e+09 3.0e+09 5.0e+09
 14   64.94   14.4   14.8   15.8   16.9   20.2   24.2  2.0e+07 3.0e+07 5.0e+07 8.0e+07 1.0e+08 1.5e+08 2.0e+08 3.0e+08 5.0e+08 8.0e+08 1.0e+09 1.5e+09 2.0e+09 3.0e+09 5.0e+09
 15   65.94   14.2   14.6   15.6   16.7   20.0   24.0  2.0e+07 3.0e+07 5.0e+07 8.0e+07 1.0e+08 1.5e+08 2.0e+08 3.0e+08 5.0e+08 8.0e+08 1.0e+09 1.5e+09 2.0e+09 3.0e+09 5.0e+09
 16   66.93   13.9   14.4   15.4   16.5   19.9   23.9  2.0e+07 3.0e+07 5.0e+07 8.0e+07 1.0e+08 1.5e+08 2.0e+08 3.0e+08 5.0e+08 8.0e+08 1.0e+09 1.5e+09 2.0e+09 3.0e+09 5.0e+09
 17   67.91   13.7   14.2   15.2   16.3   19.7   23.8  2.0e+07 3.0e+07 5.0e+07 8.0e+07 1.0e+08 1.5e+08 2.0e+08 3.0e+08 5.0e+08 8.0e+08 1.0e+09 1.5e+09 2.0e+09 3.0e+09 5.0e+09
 18   68.88   13.5   14.0   15.0   16.2   19.6   23.6  2.0e+07 3.0e+07 5.0e+07 8.0e+07 1.0e+08 1.5e+08 2.0e+08 3.0e+08 5.0e+08 8.0e+08 1.0e+09 1.5e+09 2.0e+09 3.0e+09 5.0e+09
 19   69.84   13.3   13.8   14.8   16.0   19.5   23.5  2.0e+07 3.0e+07 5.0e+07 8.0e+07 1.0e+08 1.5e+08 2.0e+08 3.0e+08 5.0e+08 8.0e+08 1.0e+09 1.5e+09 2.0e+09 3.0e+09 5.0e+09
 20   70.79   13.1   13.6   14.6   15.8   19.3   23.4  2.0e+07 3.0e+07 5.0e+07 8.0e+07 1.0e+08 1.5e+08 2.0e+08 3.0e+08 5.0e+08 8.0e+08 1.0e+09 1.5e+09 2.0e+09 3.0e+09 5.0e+09
 21   71.73   13.0   13.5   14.5   15.7   19.2   23.3  2.0e+07 3.0e+07 5.0e+07 8.0e+07 1.0e+08 1.5e+08 2.0e+08 3.0e+08 5.0e+08 8.0e+08 1.0e+09 1.5e+09 2.0e+09 3.0e+09 5.0e+09
 22   72.65   12.8   13.3   14.3   15.6   19.1   23.2  2.0e+07 3.0e+07 5.0e+07 8.0e+07 1.0e+08 1.5e+08 2.0e+08 3.0e+08 5.0e+08 8.0e+08 1.0e+09 1.5e+09 2.0e+09 3.0e+09 5.0e+09
 23   73.57   12.6   13.2   14.2   15.4   19.0   23.1  2.0e+07 3.0e+07 5.0e+07 8.0e+07 1.0e+08 1.5e+08 2.0e+08 3.0e+08 5.0e+08 8.0e+08 1.0e+09 1.5e+09 2.0e+09 3.0e+09 5.0e+09
 24   74.48   12.5   13.0   14.0   15.3   18.9   23.1  2.0e+07 3.0e+07 5.0e+07 8.0e+07 1.0e+08 1.5e+08 2.0e+08 3.0e+08 5.0e+08 8.0e+08 1.0e+09 1.5e+09 2.0e+09 3.0e+09 5.0e+09
 25   75.39   12.3   12.9   13.9   15.2   18.8   23.0  2.0e+07 3.0e+07 5.0e+07 8.0e+07 1.0e+08 1.5e+08 2.0e+08 3.0e+08 5.0e+08 8.0e+08 1.0e+09 1.5e+09 2.0e+09 3.0e+09 5.0e+09
 26   76.28   12.2   12.7   13.8   15.0   18.7   22.9  2.0e+07 3.0e+07 5.0e+07 8.0e+07 1.0e+08 1.5e+08 2.0e+08 3.0e+08 5.0e+08 8.0e+08 1.0e+09 1.5e+09 2.0e+09 3.0e+09 5.0e+09
 27   77.17   12.0   12.6   13.7   14.9   18.6   22.8  2.0e+07 3.0e+07 5.0e+07 8.0e+07 1.0e+08 1.5e+08 2.0e+08 3.0e+08 5.0e+08 8.0e+08 1.0e+09 1.5e+09 2.0e+09 3.0e+09 5.0e+09
 28   78.05   11.9   12.4   13.5   14.8   18.5   22.8  2.0e+07 3.0e+07 5.0e+07 8.0e+07 1.0e+08 1.5e+08 2.0e+08 3.0e+08 5.0e+08 8.0e+08 1.0e+09 1.5e+09 2.0e+09 3.0e+09 5.0e+09
 29   78.92   11.8   12.3   13.4   14.7   18.4   22.7  2.0e+07 3.0e+07 5.0e+07 8.0e+07 1.0e+08 1.5e+08 2.0e+08 3.0e+08 5.0e+08 8.0e+08 1.0e+09 1.5e+09 2.0e+09 3.0e+09 5.0e+09
 30   79.78   11.6   12.2   13.3   14.6   18.4   22.6  2.0e+07 3.0e+07 5.0e+07 8.0e+07 1.0e+08 1.5e+08 2.0e+08 3.0e+08 5.0e+08 8.0e+08 1.0e+09 1.5e+09 2.0e+09 3.0e+09 5.0e+09
 31   80.64   11.5   12.1   13.2   14.5   18.3   22.6  2.0e+07 3.0e+07 5.0e+07 8.0e+07 1.0e+08 1.5e+08 2.0e+08 3.0e+08 5.0e+08 8.0e+08 1.0e+09 1.5e+09 2.0e+09 3.0e+09 5.0e+09
 32   81.49   11.4   12.0   13.1   14.4   18.2   22.5  2.0e+07 3.0e+07 5.0e+07 8.0e+07 1.0e+08 1.5e+08 2.0e+08 3.0e+08 5.0e+08 8.0e+08 1.0e+09 1.5e+09 2.0e+09 3.0e+09 5.0e+09
 33   82.33   11.3   11.9   13.0   14.3   18.1   22.4  2.0e+07 3.0e+07 5.0e+07 8.0e+07 1.0e+08 1.5e+08 2.0e+08 3.0e+08 5.0e+08 8.0e+08 1.0e+09 1.5e+09 2.0e+09 3.0e+09 5.0e+09
 34   83.17   11.2   11.8   12.9   14.3   18.1   22.4  2.0e+07 3.0e+07 5.0e+07 8.0e+07 1.0e+08 1.5e+08 2.0e+08 3.0e+08 5.0e+08 8.0e+08 1.0e+09 1.5e+09 2.0e+09 3.0e+09 5.0e+09
 35   84.00   11.1   11.7   12.8   14.2   18.0   22.3  2.0e+07 3.0e+07 5.0e+07 8.0e+07 1.0e+08 1.5e+08 2.0e+08 3.0e+08 5.0e+08 8.0e+08 1.0e+09 1.5e+09 2.0e+09 3.0e+09 5.0e+09
 36   84.82   11.0   11.6   12.7   14.1   17.9   22.3  2.0e+07 3.0e+07 5.0e+07 8.0e+07 1.0e+08 1.5e+08 2.0e+08 3.0e+08 5.0e+08 8.0e+08 1.0e+09 1.5e+09 2.0e+09 3.0e+09 5.0e+09
 37   85.64   10.9   11.5   12.6   14.0   17.9   22.2  2.0e+07 3.0e+07 5.0e+07 8.0e+07 1.0e+08 1.5e+08 2.0e+08 3.0e+08 5.0e+08 8.0e+08 1.0e+09 1.5e+09 2.0e+09 3.0e+09 5.0e+09
 38   86.45   10.8   11.4   12.6   13.9   17.8   22.2  2.0e+07 3.0e+07 5.0e+07 8.0e+07 1.0e+08 1.5e+08 2.0e+08 3.0e+08 5.0e+08 8.0e+08 1.0e+09 1.5e+09 2.0e+09 3.0e+09 5.0e+09
 39   87.25   10.7   11.3   12.5   13.9   17.8   22.1  2.0e+07 3.0e+07 5.0e+07 8.0e+07 1.0e+08 1.5e+08 2.0e+08 3.0e+08 5.0e+08 8.0e+08 1.0e+09 1.5e+09 2.0e+09 3.0e+09 5.0e+09
 40   88.05   10.6   11.2   12.4   13.8   17.7   22.1  2.0e+07 3.0e+07 5.0e+07 8.0e+07 1.0e+08 1.5e+08 2.0e+08 3.0e+08 5.0e+08 8.0e+08 1.0e+09 1.5e+09 2.0e+09 3.0e+09 5.0e+09
 41   88.85   10.5   11.1   12.3   13.7   17.6   22.1  2.0e+07 3.0e+07 5.0e+07 8.0e+07 1.0e+08 1.5e+08 2.0e+08 3.0e+08 5.0e+08 8.0e+08 1.0e+09 1.5e+09 2.0e+09 3.0e+09 5.0e+09
 42   89.64   10.4   11.0   12.3   13.7   17.6   22.0  2.0e+07 3.0e+07 5.0e+07 8.0e+07 1.0e+08 1.5e+08 2.0e+08 3.0e+08 5.0e+08 8.0e+08 1.0e+09 1.5e+09 2.0e+09 3.0e+09 5.0e+09
 43   90.42   10.3   11.0   12.2   13.6   17.6   22.0  2.0e+07 3.0e+07 5.0e+07 8.0e+07 1.0e+08 1.5e+08 2.0e+08 3.0e+08 5.0e+08 8.0e+08 1.0e+09 1.5e+09 2.0e+09 3.0e+09 5.0e+09
 44   91.20   10.2   10.9   12.1   13.5   17.5   21.9  2.0e+07 3.0e+07 5.0e+07 8.0e+07 1.0e+08 1.5e+08 2.0e+08 3.0e+08 5.0e+08 8.0e+08 1.0e+09 1.5e+09 2.0e+09 3.0e+09 5.0e+09
 45   91.98   10.2   10.8   12.1   13.5   17.5   21.9  2.0e+07 3.0e+07 5.0e+07 8.0e+07 1.0e+08 1.5e+08 2.0e+08 3.0e+08 5.0e+08 8.0e+08 1.0e+09 1.5e+09 2.0e+09 3.0e+09 5.0e+09
 46   92.75   10.1   10.7   12.0   13.4   17.4   21.9  2.0e+07 3.0e+07 5.0e+07 8.0e+07 1.0e+08 1.5e+08 2.0e+08 3.0e+08 5.0e+08 8.0e+08 1.0e+09 1.5e+09 2.0e+09 3.0e+09 5.0e+09
 47   93.51   10.0   10.7   11.9   13.4   17.4   21.8  2.0e+07 3.0e+07 5.0e+07 8.0e+07 1.0e+08 1.5e+08 2.0e+08 3.0e+08 5.0e+08 8.0e+08 1.0e+09 1.5e+09 2.0e+09 3.0e+09 5.0e+09
 48   94.27    9.9   10.6   11.9   13.3   17.3   21.8  2.0e+07 3.0e+07 5.0e+07 8.0e+07 1.0e+08 1.5e+08 2.0e+08 3.0e+08 5.0e+08 8.0e+08 1.0e+09 1.5e+09 2.0e+09 3.0e+09 5.0e+09
 49   95.02    9.9   10.5   11.8   13.3   17.3   21.8  2.0e+07 3.0e+07 5.0e+07 8.0e+07 1.0e+08 1.5e+08 2.0e+08 3.0e+08 5.0e+08 8.0e+08 1.0e+09 1.5e+09 2.0e+09 3.0e+09 5.0e+09
 50   95.78    9.8   10.5   11.8   13.2   17.2   21.7  2.0e+07 3.0e+07 5.0e+07 8.0e+07 1.0e+08 1.5e+08 2.0e+08 3.0e+08 5.0e+08 8.0e+08 1.0e+09 1.5e+09 2.0e+09 3.0e+09 5.0e+09
 51   96.52    9.7   10.4   11.7   13.2   17.2   21.7  2.0e+07 3.0e+07 5.0e+07 8.0e+07 1.0e+08 1.5e+08 2.0e+08 3.0e+08 5.0e+08 8.0e+08 1.0e+09 1.5e+09 2.0e+09 3.0e+09 5.0e+09
 52   97.26    9.7   10.4   11.6   13.1   17.2   21.7  2.0e+07 3.0e+07 5.0e+07 8.0e+07 1.0e+08 1.5e+08 2.0e+08 3.0e+08 5.0e+08 8.0e+08 1.0e+09 1.5e+09 2.0e+09 3.0e+09 5.0e+09
 53   98.00    9.6   10.3   11.6   13.1   17.1   21.7  2.0e+07 3.0e+07 5.0e+07 8.0e+07 1.0e+08 1.5e+08 2.0e+08 3.0e+08 5.0e+08 8.0e+08 1.0e+09 1.5e+09 2.0e+09 3.0e+09 5.0e+09
 54   98.74    9.5   10.2   11.5   13.0   17.1   21.6  2.0e+07 3.0e+07 5.0e+07 8.0e+07 1.0e+08 1.5e+08 2.0e+08 3.0e+08 5.0e+08 8.0e+08 1.0e+09 1.5e+09 2.0e+09 3.0e+09 5.0e+09
 55   99.46    9.5   10.2   11.5   13.0   17.1   21.6  2.0e+07 3.0e+07 5.0e+07 8.0e+07 1.0e+08 1.5e+08 2.0e+08 3.0e+08 5.0e+08 8.0e+08 1.0e+09 1.5e+09 2.0e+09 3.0e+09 5.0e+09
 56  100.19    9.4   10.1   11.4   12.9   17.0   21.6  2.0e+07 3.0e+07 5.0e+07 8.0e+07 1.0e+08 1.5e+08 2.0e+08 3.0e+08 5.0e+08 8.0e+08 1.0e+09 1.5e+09 2.0e+09 3.0e+09 5.0e+09
 57  100.91    9.4   10.1   11.4   12.9   17.0   21.5  2.0e+07 3.0e+07 5.0e+07 8.0e+07 1.0e+08 1.5e+08 2.0e+08 3.0e+08 5.0e+08 8.0e+08 1.0e+09 1.5e+09 2.0e+09 3.0e+09 5.0e+09
 58  101.63    9.3   10.0   11.3   12.9   17.0   21.5  2.0e+07 3.0e+07 5.0e+07 8.0e+07 1.0e+08 1.5e+08 2.0e+08 3.0e+08 5.0e+08 8.0e+08 1.0e+09 1.5e+09 2.0e+09 3.0e+09 5.0e+09
 59  102.34    9.3   10.0   11.3   12.8   16.9   21.5  2.0e+07 3.0e+07 5.0e+07 8.0e+07 1.0e+08 1.5e+08 2.0e+08 3.0e+08 5.0e+08 8.0e+08 1.0e+09 1.5e+09 2.0e+09 3.0e+09 5.0e+09
 60  103.05    9.2    9.9   11.3   12.8   16.9   21.5  2.0e+07 3.0e+07 5.0e+07 8.0e+07 1.0e+08 1.5e+08 2.0e+08 3.0e+08 5.0e+08 8.0e+08 1.0e+09 1.5e+09 2.0e+09 3.0e+09 5.0e+09
 61  103.76    9.2    9.9   11.2   12.7   16.9   21.5  2.0e+07 3.0e+07 5.0e+07 8.0e+07 1.0e+08 1.5e+08 2.0e+08 3.0e+08 5.0e+08 8.0e+08 1.0e+09 1.5e+09 2.0e+09 3.0e+09 5.0e+09
 62  104.46    9.1    9.8   11.2   12.7   16.9   21.4  2.0e+07 3.0e+07 5.0e+07 8.0e+07 1.0e+08 1.5e+08 2.0e+08 3.0e+08 5.0e+08 8.0e+08 1.0e+09 1.5e+09 2.0e+09 3.0e+09 5.0e+09
 63  105.16    9.0    9.8   11.1   12.7   16.8   21.4  2.0e+07 3.0e+07 5.0e+07 8.0e+07 1.0e+08 1.5e+08 2.0e+08 3.0e+08 5.0e+08 8.0e+08 1.0e+09 1.5e+09 2.0e+09 3.0e+09 5.0e+09
 64  105.86    9.0    9.7   11.1   12.6   16.8   21.4  2.0e+07 3.0e+07 5.0e+07 8.0e+07 1.0e+08 1.5e+08 2.0e+08 3.0e+08 5.0e+08 8.0e+08 1.0e+09 1.5e+09 2.0e+09 3.0e+09 5.0e+09
 65  106.55    9.0    9.7   11.0   12.6   16.8   21.4  2.0e+07 3.0e+07 5.0e+07 8.0e+07 1.0e+08 1.5e+08 2.0e+08 3.0e+08 5.0e+08 8.0e+08 1.0e+09 1.5e+09 2.0e+09 3.0e+09 5.0e+09
 66  107.24    8.9    9.6   11.0   12.6   16.8   21.3  2.0e+07 3.0e+07 5.0e+07 8.0e+07 1.0e+08 1.5e+08 2.0e+08 3.0e+08 5.0e+08 8.0e+08 1.0e+09 1.5e+09 2.0e+09 3.0e+09 5.0e+09
 67  107.93    8.9    9.6   11.0   12.5   16.7   21.3  2.0e+07 3.0e+07 5.0e+07 8.0e+07 1.0e+08 1.5e+08 2.0e+08 3.0e+08 5.0e+08 8.0e+08 1.0e+09 1.5e+09 2.0e+09 3.0e+09 5.0e+09
 68  108.61    8.8    9.5   10.9   12.5   16.7   21.3  2.0e+07 3.0e+07 5.0e+07 8.0e+07 1.0e+08 1.5e+08 2.0e+08 3.0e+08 5.0e+08 8.0e+08 1.0e+09 1.5e+09 2.0e+09 3.0e+09 5.0e+09
 69  109.28    8.8    9.5   10.9   12.5   16.7   21.3  2.0e+07 3.0e+07 5.0e+07 8.0e+07 1.0e+08 1.5e+08 2.0e+08 3.0e+08 5.0e+08 8.0e+08 1.0e+09 1.5e+09 2.0e+09 3.0e+09 5.0e+09
 70  109.97    8.7    9.5   10.9   12.4   16.7   21.3  2.0e+07 3.0e+07 5.0e+07 8.0e+07 1.0e+08 1.5e+08 2.0e+08 3.0e+08 5.0e+08 8.0e+08 1.0e+09 1.5e+09 2.0e+09 3.0e+09 5.0e+09
 71  110.64    8.7    9.4   10.8   12.4   16.6   21.3  2.0e+07 3.0e+07 5.0e+07 8.0e+07 1.0e+08 1.5e+08 2.0e+08 3.0e+08 5.0e+08 8.0e+08 1.0e+09 1.5e+09 2.0e+09 3.0e+09 5.0e+09
 72  111.31    8.6    9.4   10.8   12.4   16.6   21.2  2.0e+07 3.0e+07 5.0e+07 8.0e+07 1.0e+08 1.5e+08 2.0e+08 3.0e+08 5.0e+08 8.0e+08 1.0e+09 1.5e+09 2.0e+09 3.0e+09 5.0e+09
 73  111.98    8.6    9.3   10.8   12.3   16.6   21.2  2.0e+07 3.0e+07 5.0e+07 8.0e+07 1.0e+08 1.5e+08 2.0e+08 3.0e+08 5.0e+08 8.0e+08 1.0e+09 1.5e+09 2.0e+09 3.0e+09 5.0e+09
 74  112.65    8.5    9.3   10.7   12.3   16.6   21.2  2.0e+07 3.0e+07 5.0e+07 8.0e+07 1.0e+08 1.5e+08 2.0e+08 3.0e+08 5.0e+08 8.0e+08 1.0e+09 1.5e+09 2.0e+09 3.0e+09 5.0e+09
 75  113.31    8.5    9.3   10.7   12.3   16.5   21.2  2.0e+07 3.0e+07 5.0e+07 8.0e+07 1.0e+08 1.5e+08 2.0e+08 3.0e+08 5.0e+08 8.0e+08 1.0e+09 1.5e+09 2.0e+09 3.0e+09 5.0e+09
 76  113.97    8.5    9.2   10.7   12.2   16.5   21.2  2.0e+07 3.0e+07 5.0e+07 8.0e+07 1.0e+08 1.5e+08 2.0e+08 3.0e+08 5.0e+08 8.0e+08 1.0e+09 1.5e+09 2.0e+09 3.0e+09 5.0e+09
 77  114.63    8.4    9.2   10.6   12.2   16.5   21.2  2.0e+07 3.0e+07 5.0e+07 8.0e+07 1.0e+08 1.5e+08 2.0e+08 3.0e+08 5.0e+08 8.0e+08 1.0e+09 1.5e+09 2.0e+09 3.0e+09 5.0e+09
 78  115.28    8.4    9.2   10.6   12.2   16.5   21.1  2.0e+07 3.0e+07 5.0e+07 8.0e+07 1.0e+08 1.5e+08 2.0e+08 3.0e+08 5.0e+08 8.0e+08 1.0e+09 1.5e+09 2.0e+09 3.0e+09 5.0e+09
 79  115.93    8.3    9.1   10.6   12.2   16.5   21.1  2.0e+07 3.0e+07 5.0e+07 8.0e+07 1.0e+08 1.5e+08 2.0e+08 3.0e+08 5.0e+08 8.0e+08 1.0e+09 1.5e+09 2.0e+09 3.0e+09 5.0e+09
 80  116.58    8.3    9.1   10.5   12.1   16.4   21.1  2.0e+07 3.0e+07 5.0e+07 8.0e+07 1.0e+08 1.5e+08 2.0e+08 3.0e+08 5.0e+08 8.0e+08 1.0e+09 1.5e+09 2.0e+09 3.0e+09 5.0e+09
 81  117.23    8.3    9.1   10.5   12.1   16.4   21.1  2.0e+07 3.0e+07 5.0e+07 8.0e+07 1.0e+08 1.5e+08 2.0e+08 3.0e+08 5.0e+08 8.0e+08 1.0e+09 1.5e+09 2.0e+09 3.0e+09 5.0e+09
 82  117.87    8.2    9.0   10.5   12.1   16.4   21.1  2.0e+07 3.0e+07 5.0e+07 8.0e+07 1.0e+08 1.5e+08 2.0e+08 3.0e+08 5.0e+08 8.0e+08 1.0e+09 1.5e+09 2.0e+09 3.0e+09 5.0e+09
 83  118.51    8.2    9.0   10.4   12.1   16.4   21.1  2.0e+07 3.0e+07 5.0e+07 8.0e+07 1.0e+08 1.5e+08 2.0e+08 3.0e+08 5.0e+08 8.0e+08 1.0e+09 1.5e+09 2.0e+09 3.0e+09 5.0e+09
 84  119.15    8.2    9.0   10.4   12.0   16.4   21.0  2.0e+07 3.0e+07 5.0e+07 8.0e+07 1.0e+08 1.5e+08 2.0e+08 3.0e+08 5.0e+08 8.0e+08 1.0e+09 1.5e+09 2.0e+09 3.0e+09 5.0e+09
 85  119.78    8.1    8.9   10.4   12.0   16.4   21.0  2.0e+07 3.0e+07 5.0e+07 8.0e+07 1.0e+08 1.5e+08 2.0e+08 3.0e+08 5.0e+08 8.0e+08 1.0e+09 1.5e+09 2.0e+09 3.0e+09 5.0e+09
 86  120.42    8.1    8.9   10.4   12.0   16.3   21.0  2.0e+07 3.0e+07 5.0e+07 8.0e+07 1.0e+08 1.5e+08 2.0e+08 3.0e+08 5.0e+08 8.0e+08 1.0e+09 1.5e+09 2.0e+09 3.0e+09 5.0e+09
 87  121.05    8.1    8.9   10.3   12.0   16.3   21.0  2.0e+07 3.0e+07 5.0e+07 8.0e+07 1.0e+08 1.5e+08 2.0e+08 3.0e+08 5.0e+08 8.0e+08 1.0e+09 1.5e+09 2.0e+09 3.0e+09 5.0e+09
 88  121.68    8.0    8.8   10.3   11.9   16.3   21.0  2.0e+07 3.0e+07 5.0e+07 8.0e+07 1.0e+08 1.5e+08 2.0e+08 3.0e+08 5.0e+08 8.0e+08 1.0e+09 1.5e+09 2.0e+09 3.0e+09 5.0e+09
 89  122.30    8.0    8.8   10.3   11.9   16.3   21.0  2.0e+07 3.0e+07 5.0e+07 8.0e+07 1.0e+08 1.5e+08 2.0e+08 3.0e+08 5.0e+08 8.0e+08 1.0e+09 1.5e+09 2.0e+09 3.0e+09 5.0e+09
 90  122.93    7.9    8.8   10.3   11.9   16.3   21.0  2.0e+07 3.0e+07 5.0e+07 8.0e+07 1.0e+08 1.5e+08 2.0e+08 3.0e+08 5.0e+08 8.0e+08 1.0e+09 1.5e+09 2.0e+09 3.0e+09 5.0e+09
 91  123.55    7.9    8.7   10.2   11.9   16.3   21.0  2.0e+07 3.0e+07 5.0e+07 8.0e+07 1.0e+08 1.5e+08 2.0e+08 3.0e+08 5.0e+08 8.0e+08 1.0e+09 1.5e+09 2.0e+09 3.0e+09 5.0e+09
 92  124.17    7.9    8.7   10.2   11.9   16.2   20.9  2.0e+07 3.0e+07 5.0e+07 8.0e+07 1.0e+08 1.5e+08 2.0e+08 3.0e+08 5.0e+08 8.0e+08 1.0e+09 1.5e+09 2.0e+09 3.0e+09 5.0e+09
 93  124.78    7.8    8.7   10.2   11.8   16.2   20.9  2.0e+07 3.0e+07 5.0e+07 8.0e+07 1.0e+08 1.5e+08 2.0e+08 3.0e+08 5.0e+08 8.0e+08 1.0e+09 1.5e+09 2.0e+09 3.0e+09 5.0e+09
 94  125.40    7.8    8.6   10.2   11.8   16.2   20.9  2.0e+07 3.0e+07 5.0e+07 8.0e+07 1.0e+08 1.5e+08 2.0e+08 3.0e+08 5.0e+08 8.0e+08 1.0e+09 1.5e+09 2.0e+09 3.0e+09 5.0e+09
 95  126.01    7.8    8.6   10.1   11.8   16.2   20.9  2.0e+07 3.0e+07 5.0e+07 8.0e+07 1.0e+08 1.5e+08 2.0e+08 3.0e+08 5.0e+08 8.0e+08 1.0e+09 1.5e+09 2.0e+09 3.0e+09 5.0e+09
 96  126.62    7.8    8.6   10.1   11.8   16.2   20.9  2.0e+07 3.0e+07 5.0e+07 8.0e+07 1.0e+08 1.5e+08 2.0e+08 3.0e+08 5.0e+08 8.0e+08 1.0e+09 1.5e+09 2.0e+09 3.0e+09 5.0e+09
 97  127.23    7.7    8.6   10.1   11.7   16.2   20.9  2.0e+07 3.0e+07 5.0e+07 8.0e+07 1.0e+08 1.5e+08 2.0e+08 3.0e+08 5.0e+08 8.0e+08 1.0e+09 1.5e+09 2.0e+09 3.0e+09 5.0e+09
 98  127.84    7.7    8.5   10.1   11.7   16.1   20.9  2.0e+07 3.0e+07 5.0e+07 8.0e+07 1.0e+08 1.5e+08 2.0e+08 3.0e+08 5.0e+08 8.0e+08 1.0e+09 1.5e+09 2.0e+09 3.0e+09 5.0e+09
 99  128.44    7.7    8.5   10.0   11.7   16.1   20.9  2.0e+07 3.0e+07 5.0e+07 8.0e+07 1.0e+08 1.5e+08 2.0e+08 3.0e+08 5.0e+08 8.0e+08 1.0e+09 1.5e+09 2.0e+09 3.0e+09 5.0e+09
100  129.05    7.6    8.5   10.0   11.7   16.1   20.8  2.0e+07 3.0e+07 5.0e+07 8.0e+07 1.0e+08 1.5e+08 2.0e+08 3.0e+08 5.0e+08 8.0e+08 1.0e+09 1.5e+09 2.0e+09 3.0e+09 5.0e+09
101  129.64    7.6    8.4   10.0   11.7   16.1   20.8  2.0e+07 3.0e+07 5.0e+07 8.0e+07 1.0e+08 1.5e+08 2.0e+08 3.0e+08 5.0e+08 8.0e+08 1.0e+09 1.5e+09 2.0e+09 3.0e+09 5.0e+09
102  130.25    7.6    8.4   10.0   11.6   16.1   20.8  2.0e+07 3.0e+07 5.0e+07 8.0e+07 1.0e+08 1.5e+08 2.0e+08 3.0e+08 5.0e+08 8.0e+08 1.0e+09 1.5e+09 2.0e+09 3.0e+09 5.0e+09
103  130.84    7.5    8.4    9.9   11.6   16.1   20.8  2.0e+07 3.0e+07 5.0e+07 8.0e+07 1.0e+08 1.5e+08 2.0e+08 3.0e+08 5.0e+08 8.0e+08 1.0e+09 1.5e+09 2.0e+09 3.0e+09 5.0e+09
104  131.44    7.5    8.4    9.9   11.6   16.1   20.8  2.0e+07 3.0e+07 5.0e+07 8.0e+07 1.0e+08 1.5e+08 2.0e+08 3.0e+08 5.0e+08 8.0e+08 1.0e+09 1.5e+09 2.0e+09 3.0e+09 5.0e+09
105  132.03    7.5    8.3    9.9   11.6   16.0   20.8  2.0e+07 3.0e+07 5.0e+07 8.0e+07 1.0e+08 1.5e+08 2.0e+08 3.0e+08 5.0e+08 8.0e+08 1.0e+09 1.5e+09 2.0e+09 3.0e+09 5.0e+09
106  132.62    7.4    8.3    9.9   11.6   16.0   20.8  2.0e+07 3.0e+07 5.0e+07 8.0e+07 1.0e+08 1.5e+08 2.0e+08 3.0e+08 5.0e+08 8.0e+08 1.0e+09 1.5e+09 2.0e+09 3.0e+09 5.0e+09
107  133.21    7.4    8.3    9.8   11.5   16.0   20.8  2.0e+07 3.0e+07 5.0e+07 8.0e+07 1.0e+08 1.5e+08 2.0e+08 3.0e+08 5.0e+08 8.0e+08 1.0e+09 1.5e+09 2.0e+09 3.0e+09 5.0e+09
108  133.80    7.4    8.3    9.8   11.5   16.0   20.8  2.0e+07 3.0e+07 5.0e+07 8.0e+07 1.0e+08 1.5e+08 2.0e+08 3.0e+08 5.0e+08 8.0e+08 1.0e+09 1.5e+09 2.0e+09 3.0e+09 5.0e+09
109  134.38    7.4    8.2    9.8   11.5   16.0   20.8  2.0e+07 3.0e+07 5.0e+07 8.0e+07 1.0e+08 1.5e+08 2.0e+08 3.0e+08 5.0e+08 8.0e+08 1.0e+09 1.5e+09 2.0e+09 3.0e+09 5.0e+09
110  134.97    7.3    8.2    9.8   11.5   16.0   20.7  2.0e+07 3.0e+07 5.0e+07 8.0e+07 1.0e+08 1.5e+08 2.0e+08 3.0e+08 5.0e+08 8.0e+08 1.0e+09 1.5e+09 2.0e+09 3.0e+09 5.0e+09
111  135.55    7.3    8.2    9.8   11.5   16.0   20.7  2.0e+07 3.0e+07 5.0e+07 8.0e+07 1.0e+08 1.5e+08 2.0e+08 3.0e+08 5.0e+08 8.0e+08 1.0e+09 1.5e+09 2.0e+09 3.0e+09 5.0e+09
112  136.13    7.3    8.2    9.7   11.5   15.9   20.7  2.0e+07 3.0e+07 5.0e+07 8.0e+07 1.0e+08 1.5e+08 2.0e+08 3.0e+08 5.0e+08 8.0e+08 1.0e+09 1.5e+09 2.0e+09 3.0e+09 5.0e+09
113  136.71    7.2    8.1    9.7   11.4   15.9   20.7  2.0e+07 3.0e+07 5.0e+07 8.0e+07 1.0e+08 1.5e+08 2.0e+08 3.0e+08 5.0e+08 8.0e+08 1.0e+09 1.5e+09 2.0e+09 3.0e+09 5.0e+09
114  137.28    7.2    8.1    9.7   11.4   15.9   20.7  2.0e+07 3.0e+07 5.0e+07 8.0e+07 1.0e+08 1.5e+08 2.0e+08 3.0e+08 5.0e+08 8.0e+08 1.0e+09 1.5e+09 2.0e+09 3.0e+09 5.0e+09
115  137.86    7.2    8.1    9.7   11.4   15.9   20.7  2.0e+07 3.0e+07 5.0e+07 8.0e+07 1.0e+08 1.5e+08 2.0e+08 3.0e+08 5.0e+08 8.0e+08 1.0e+09 1.5e+09 2.0e+09 3.0e+09 5.0e+09
116  138.43    7.2    8.1    9.7   11.4   15.9   20.7  2.0e+07 3.0e+07 5.0e+07 8.0e+07 1.0e+08 1.5e+08 2.0e+08 3.0e+08 5.0e+08 8.0e+08 1.0e+09 1.5e+09 2.0e+09 3.0e+09 5.0e+09
117  139.00    7.1    8.0    9.6   11.4   15.9   20.7  2.0e+07 3.0e+07 5.0e+07 8.0e+07 1.0e+08 1.5e+08 2.0e+08 3.0e+08 5.0e+08 8.0e+08 1.0e+09 1.5e+09 2.0e+09 3.0e+09 5.0e+09
118  139.57    7.1    8.0    9.6   11.4   15.9   20.7  2.0e+07 3.0e+07 5.0e+07 8.0e+07 1.0e+08 1.5e+08 2.0e+08 3.0e+08 5.0e+08 8.0e+08 1.0e+09 1.5e+09 2.0e+09 3.0e+09 5.0e+09
119  140.14    7.1    8.0    9.6   11.3   15.9   20.7  2.0e+07 3.0e+07 5.0e+07 8.0e+07 1.0e+08 1.5e+08 2.0e+08 3.0e+08 5.0e+08 8.0e+08 1.0e+09 1.5e+09 2.0e+09 3.0e+09 5.0e+09
120  140.71    7.1    8.0    9.6   11.3   15.8   20.6  2.0e+07 3.0e+07 5.0e+07 8.0e+07 1.0e+08 1.5e+08 2.0e+08 3.0e+08 5.0e+08 8.0e+08 1.0e+09 1.5e+09 2.0e+09 3.0e+09 5.0e+09
121  141.27    7.0    7.9    9.6   11.3   15.8   20.6  2.0e+07 3.0e+07 5.0e+07 8.0e+07 1.0e+08 1.5e+08 2.0e+08 3.0e+08 5.0e+08 8.0e+08 1.0e+09 1.5e+09 2.0e+09 3.0e+09 5.0e+09
122  141.84    7.0    7.9    9.5   11.3   15.8   20.6  2.0e+07 3.0e+07 5.0e+07 8.0e+07 1.0e+08 1.5e+08 2.0e+08 3.0e+08 5.0e+08 8.0e+08 1.0e+09 1.5e+09 2.0e+09 3.0e+09 5.0e+09
123  142.40    7.0    7.9    9.5   11.3   15.8   20.6  2.0e+07 3.0e+07 5.0e+07 8.0e+07 1.0e+08 1.5e+08 2.0e+08 3.0e+08 5.0e+08 8.0e+08 1.0e+09 1.5e+09 2.0e+09 3.0e+09 5.0e+09
124  142.96    6.9    7.9    9.5   11.3   15.8   20.6  2.0e+07 3.0e+07 5.0e+07 8.0e+07 1.0e+08 1.5e+08 2.0e+08 3.0e+08 5.0e+08 8.0e+08 1.0e+09 1.5e+09 2.0e+09 3.0e+09 5.0e+09
125  143.52    6.9    7.8    9.5   11.2   15.8   20.6  2.0e+07 3.0e+07 5.0e+07 8.0e+07 1.0e+08 1.5e+08 2.0e+08 3.0e+08 5.0e+08 8.0e+08 1.0e+09 1.5e+09 2.0e+09 3.0e+09 5.0e+09
126  144.07    6.9    7.8    9.5   11.2   15.8   20.6  2.0e+07 3.0e+07 5.0e+07 8.0e+07 1.0e+08 1.5e+08 2.0e+08 3.0e+08 5.0e+08 8.0e+08 1.0e+09 1.5e+09 2.0e+09 3.0e+09 5.0e+09
127  144.63    6.9    7.8    9.4   11.2   15.8   20.6  2.0e+07 3.0e+07 5.0e+07 8.0e+07 1.0e+08 1.5e+08 2.0e+08 3.0e+08 5.0e+08 8.0e+08 1.0e+09 1.5e+09 2.0e+09 3.0e+09 5.0e+09
128  145.18    6.8    7.8    9.4   11.2   15.8   20.6  2.0e+07 3.0e+07 5.0e+07 8.0e+07 1.0e+08 1.5e+08 2.0e+08 3.0e+08 5.0e+08 8.0e+08 1.0e+09 1.5e+09 2.0e+09 3.0e+09 5.0e+09
129  145.74    6.8    7.8    9.4   11.2   15.7   20.6  2.0e+07 3.0e+07 5.0e+07 8.0e+07 1.0e+08 1.5e+08 2.0e+08 3.0e+08 5.0e+08 8.0e+08 1.0e+09 1.5e+09 2.0e+09 3.0e+09 5.0e+09
130  146.29    6.8    7.7    9.4   11.2   15.7   20.6  2.0e+07 3.0e+07 5.0e+07 8.0e+07 1.0e+08 1.5e+08 2.0e+08 3.0e+08 5.0e+08 8.0e+08 1.0e+09 1.5e+09 2.0e+09 3.0e+09 5.0e+09
131  146.84    6.8    7.7    9.4   11.1   15.7   20.6  2.0e+07 3.0e+07 5.0e+07 8.0e+07 1.0e+08 1.5e+08 2.0e+08 3.0e+08 5.0e+08 8.0e+08 1.0e+09 1.5e+09 2.0e+09 3.0e+09 5.0e+09
132  147.39    6.7    7.7    9.4   11.1   15.7   20.5  2.0e+07 3.0e+07 5.0e+07 8.0e+07 1.0e+08 1.5e+08 2.0e+08 3.0e+08 5.0e+08 8.0e+08 1.0e+09 1.5e+09 2.0e+09 3.0e+09 5.0e+09
133  147.93    6.7    7.7    9.3   11.1   15.7   20.5  2.0e+07 3.0e+07 5.0e+07 8.0e+07 1.0e+08 1.5e+08 2.0e+08 3.0e+08 5.0e+08 8.0e+08 1.0e+09 1.5e+09 2.0e+09 3.0e+09 5.0e+09
134  148.48    6.7    7.6    9.3   11.1   15.7   20.5  2.0e+07 3.0e+07 5.0e+07 8.0e+07 1.0e+08 1.5e+08 2.0e+08 3.0e+08 5.0e+08 8.0e+08 1.0e+09 1.5e+09 2.0e+09 3.0e+09 5.0e+09
135  149.02    6.7    7.6    9.3   11.1   15.7   20.5  2.0e+07 3.0e+07 5.0e+07 8.0e+07 1.0e+08 1.5e+08 2.0e+08 3.0e+08 5.0e+08 8.0e+08 1.0e+09 1.5e+09 2.0e+09 3.0e+09 5.0e+09
136  149.57    6.7    7.6    9.3   11.1   15.7   20.5  2.0e+07 3.0e+07 5.0e+07 8.0e+07 1.0e+08 1.5e+08 2.0e+08 3.0e+08 5.0e+08 8.0e+08 1.0e+09 1.5e+09 2.0e+09 3.0e+09 5.0e+09
137  150.11    6.6    7.6    9.3   11.1   15.7   20.5  2.0e+07 3.0e+07 5.0e+07 8.0e+07 1.0e+08 1.5e+08 2.0e+08 3.0e+08 5.0e+08 8.0e+08 1.0e+09 1.5e+09 2.0e+09 3.0e+09 5.0e+09
138  150.65    6.6    7.6    9.3   11.0   15.7   20.5  2.0e+07 3.0e+07 5.0e+07 8.0e+07 1.0e+08 1.5e+08 2.0e+08 3.0e+08 5.0e+08 8.0e+08 1.0e+09 1.5e+09 2.0e+09 3.0e+09 5.0e+09
139  151.19    6.6    7.5    9.2   11.0   15.6   20.5  2.0e+07 3.0e+07 5.0e+07 8.0e+07 1.0e+08 1.5e+08 2.0e+08 3.0e+08 5.0e+08 8.0e+08 1.0e+09 1.5e+09 2.0e+09 3.0e+09 5.0e+09
140  151.73    6.6    7.5    9.2   11.0   15.6   20.5  2.0e+07 3.0e+07 5.0e+07 8.0e+07 1.0e+08 1.5e+08 2.0e+08 3.0e+08 5.0e+08 8.0e+08 1.0e+09 1.5e+09 2.0e+09 3.0e+09 5.0e+09
141  152.26    6.5    7.5    9.2   11.0   15.6   20.5  2.0e+07 3.0e+07 5.0e+07 8.0e+07 1.0e+08 1.5e+08 2.0e+08 3.0e+08 5.0e+08 8.0e+08 1.0e+09 1.5e+09 2.0e+09 3.0e+09 5.0e+09
142  152.80    6.5    7.5    9.2   11.0   15.6   20.5  2.0e+07 3.0e+07 5.0e+07 8.0e+07 1.0e+08 1.5e+08 2.0e+08 3.0e+08 5.0e+08 8.0e+08 1.0e+09 1.5e+09 2.0e+09 3.0e+09 5.0e+09
143  153.33    6.5    7.5    9.2   11.0   15.6   20.5  2.0e+07 3.0e+07 5.0e+07 8.0e+07 1.0e+08 1.5e+08 2.0e+08 3.0e+08 5.0e+08 8.0e+08 1.0e+09 1.5e+09 2.0e+09 3.0e+09 5.0e+09
144  153.87    6.5    7.4    9.2   11.0   15.6   20.5  2.0e+07 3.0e+07 5.0e+07 8.0e+07 1.0e+08 1.5e+08 2.0e+08 3.0e+08 5.0e+08 8.0e+08 1.0e+09 1.5e+09 2.0e+09 3.0e+09 5.0e+09
145  154.40    6.4    7.4    9.1   11.0   15.6   20.4  2.0e+07 3.0e+07 5.0e+07 8.0e+07 1.0e+08 1.5e+08 2.0e+08 3.0e+08 5.0e+08 8.0e+08 1.0e+09 1.5e+09 2.0e+09 3.0e+09 5.0e+09
146  154.93    6.4    7.4    9.1   10.9   15.6   20.4  2.0e+07 3.0e+07 5.0e+07 8.0e+07 1.0e+08 1.5e+08 2.0e+08 3.0e+08 5.0e+08 8.0e+08 1.0e+09 1.5e+09 2.0e+09 3.0e+09 5.0e+09
147  155.46    6.4    7.4    9.1   10.9   15.6   20.4  2.0e+07 3.0e+07 5.0e+07 8.0e+07 1.0e+08 1.5e+08 2.0e+08 3.0e+08 5.0e+08 8.0e+08 1.0e+09 1.5e+09 2.0e+09 3.0e+09 5.0e+09
148  155.98    6.4    7.4    9.1   10.9   15.6   20.4  2.0e+07 3.0e+07 5.0e+07 8.0e+07 1.0e+08 1.5e+08 2.0e+08 3.0e+08 5.0e+08 8.0e+08 1.0e+09 1.5e+09 2.0e+09 3.0e+09 5.0e+09
149  156.51    6.4    7.3    9.1   10.9   15.6   20.4  2.0e+07 3.0e+07 5.0e+07 8.0e+07 1.0e+08 1.5e+08 2.0e+08 3.0e+08 5.0e+08 8.0e+08 1.0e+09 1.5e+09 2.0e+09 3.0e+09 5.0e+09
150  157.03    6.3    7.3    9.1   10.9   15.5   20.4  2.0e+07 3.0e+07 5.0e+07 8.0e+07 1.0e+08 1.5e+08 2.0e+08 3.0e+08 5.0e+08 8.0e+08 1.0e+09 1.5e+09 2.0e+09 3.0e+09 5.0e+09
151  157.56    6.3    7.3    9.0   10.9   15.5   20.4  2.0e+07 3.0e+07 5.0e+07 8.0e+07 1.0e+08 1.5e+08 2.0e+08 3.0e+08 5.0e+08 8.0e+08 1.0e+09 1.5e+09 2.0e+09 3.0e+09 5.0e+09
152  158.08    6.3    7.3    9.0   10.9   15.5   20.4  2.0e+07 3.0e+07 5.0e+07 8.0e+07 1.0e+08 1.5e+08 2.0e+08 3.0e+08 5.0e+08 8.0e+08 1.0e+09 1.5e+09 2.0e+09 3.0e+09 5.0e+09
153  158.60    6.3    7.3    9.0   10.8   15.5   20.4  2.0e+07 3.0e+07 5.0e+07 8.0e+07 1.0e+08 1.5e+08 2.0e+08 3.0e+08 5.0e+08 8.0e+08 1.0e+09 1.5e+09 2.0e+09 3.0e+09 5.0e+09
154  159.12    6.2    7.3    9.0   10.8   15.5   20.4  2.0e+07 3.0e+07 5.0e+07 8.0e+07 1.0e+08 1.5e+08 2.0e+08 3.0e+08 5.0e+08 8.0e+08 1.0e+09 1.5e+09 2.0e+09 3.0e+09 5.0e+09
155  159.64    6.2    7.2    9.0   10.8   15.5   20.4  2.0e+07 3.0e+07 5.0e+07 8.0e+07 1.0e+08 1.5e+08 2.0e+08 3.0e+08 5.0e+08 8.0e+08 1.0e+09 1.5e+09 2.0e+09 3.0e+09 5.0e+09
156  160.16    6.2    7.2    9.0   10.8   15.5   20.4  2.0e+07 3.0e+07 5.0e+07 8.0e+07 1.0e+08 1.5e+08 2.0e+08 3.0e+08 5.0e+08 8.0e+08 1.0e+09 1.5e+09 2.0e+09 3.0e+09 5.0e+09
157  160.68    6.2    7.2    9.0   10.8   15.5   20.4  2.0e+07 3.0e+07 5.0e+07 8.0e+07 1.0e+08 1.5e+08 2.0e+08 3.0e+08 5.0e+08 8.0e+08 1.0e+09 1.5e+09 2.0e+09 3.0e+09 5.0e+09
158  161.19    6.2    7.2    8.9   10.8   15.5   20.4  2.0e+07 3.0e+07 5.0e+07 8.0e+07 1.0e+08 1.5e+08 2.0e+08 3.0e+08 5.0e+08 8.0e+08 1.0e+09 1.5e+09 2.0e+09 3.0e+09 5.0e+09
159  161.71    6.1    7.2    8.9   10.8   15.5   20.4  2.0e+07 3.0e+07 5.0e+07 8.0e+07 1.0e+08 1.5e+08 2.0e+08 3.0e+08 5.0e+08 8.0e+08 1.0e+09 1.5e+09 2.0e+09 3.0e+09 5.0e+09
160  162.22    6.1    7.1    8.9   10.8   15.5   20.3  2.0e+07 3.0e+07 5.0e+07 8.0e+07 1.0e+08 1.5e+08 2.0e+08 3.0e+08 5.0e+08 8.0e+08 1.0e+09 1.5e+09 2.0e+09 3.0e+09 5.0e+09
161  162.73    6.1    7.1    8.9   10.8   15.5   20.3  2.0e+07 3.0e+07 5.0e+07 8.0e+07 1.0e+08 1.5e+08 2.0e+08 3.0e+08 5.0e+08 8.0e+08 1.0e+09 1.5e+09 2.0e+09 3.0e+09 5.0e+09
162  163.25    6.1    7.1    8.9   10.7   15.4   20.3  2.0e+07 3.0e+07 5.0e+07 8.0e+07 1.0e+08 1.5e+08 2.0e+08 3.0e+08 5.0e+08 8.0e+08 1.0e+09 1.5e+09 2.0e+09 3.0e+09 5.0e+09
163  163.76    6.1    7.1    8.9   10.7   15.4   20.3  2.0e+07 3.0e+07 5.0e+07 8.0e+07 1.0e+08 1.5e+08 2.0e+08 3.0e+08 5.0e+08 8.0e+08 1.0e+09 1.5e+09 2.0e+09 3.0e+09 5.0e+09
164  164.27    6.1    7.1    8.9   10.7   15.4   20.3  2.0e+07 3.0e+07 5.0e+07 8.0e+07 1.0e+08 1.5e+08 2.0e+08 3.0e+08 5.0e+08 8.0e+08 1.0e+09 1.5e+09 2.0e+09 3.0e+09 5.0e+09
165  164.78    6.0    7.1    8.9   10.7   15.4   20.3  2.0e+07 3.0e+07 5.0e+07 8.0e+07 1.0e+08 1.5e+08 2.0e+08 3.0e+08 5.0e+08 8.0e+08 1.0e+09 1.5e+09 2.0e+09 3.0e+09 5.0e+09
166  165.28    6.0    7.1    8.8   10.7   15.4   20.3  2.0e+07 3.0e+07 5.0e+07 8.0e+07 1.0e+08 1.5e+08 2.0e+08 3.0e+08 5.0e+08 8.0e+08 1.0e+09 1.5e+09 2.0e+09 3.0e+09 5.0e+09
167  165.79    6.0    7.0    8.8   10.7   15.4   20.3  2.0e+07 3.0e+07 5.0e+07 8.0e+07 1.0e+08 1.5e+08 2.0e+08 3.0e+08 5.0e+08 8.0e+08 1.0e+09 1.5e+09 2.0e+09 3.0e+09 5.0e+09
168  166.29    6.0    7.0    8.8   10.7   15.4   20.3  2.0e+07 3.0e+07 5.0e+07 8.0e+07 1.0e+08 1.5e+08 2.0e+08 3.0e+08 5.0e+08 8.0e+08 1.0e+09 1.5e+09 2.0e+09 3.0e+09 5.0e+09
169  166.80    6.0    7.0    8.8   10.7   15.4   20.3  2.0e+07 3.0e+07 5.0e+07 8.0e+07 1.0e+08 1.5e+08 2.0e+08 3.0e+08 5.0e+08 8.0e+08 1.0e+09 1.5e+09 2.0e+09 3.0e+09 5.0e+09
170  167.30    5.9    7.0    8.8   10.7   15.4   20.3  2.0e+07 3.0e+07 5.0e+07 8.0e+07 1.0e+08 1.5e+08 2.0e+08 3.0e+08 5.0e+08 8.0e+08 1.0e+09 1.5e+09 2.0e+09 3.0e+09 5.0e+09
171  167.80    5.9    7.0    8.8   10.7   15.4   20.3  2.0e+07 3.0e+07 5.0e+07 8.0e+07 1.0e+08 1.5e+08 2.0e+08 3.0e+08 5.0e+08 8.0e+08 1.0e+09 1.5e+09 2.0e+09 3.0e+09 5.0e+09
172  168.30    5.9    7.0    8.8   10.6   15.4   20.3  2.0e+07 3.0e+07 5.0e+07 8.0e+07 1.0e+08 1.5e+08 2.0e+08 3.0e+08 5.0e+08 8.0e+08 1.0e+09 1.5e+09 2.0e+09 3.0e+09 5.0e+09
173  168.80    5.9    6.9    8.8   10.6   15.4   20.3  2.0e+07 3.0e+07 5.0e+07 8.0e+07 1.0e+08 1.5e+08 2.0e+08 3.0e+08 5.0e+08 8.0e+08 1.0e+09 1.5e+09 2.0e+09 3.0e+09 5.0e+09
174  169.30    5.9    6.9    8.7   10.6   15.4   20.3  2.0e+07 3.0e+07 5.0e+07 8.0e+07 1.0e+08 1.5e+08 2.0e+08 3.0e+08 5.0e+08 8.0e+08 1.0e+09 1.5e+09 2.0e+09 3.0e+09 5.0e+09
175  169.80    5.9    6.9    8.7   10.6   15.4   20.3  2.0e+07 3.0e+07 5.0e+07 8.0e+07 1.0e+08 1.5e+08 2.0e+08 3.0e+08 5.0e+08 8.0e+08 1.0e+09 1.5e+09 2.0e+09 3.0e+09 5.0e+09
176  170.30    5.8    6.9    8.7   10.6   15.3   20.3  2.0e+07 3.0e+07 5.0e+07 8.0e+07 1.0e+08 1.5e+08 2.0e+08 3.0e+08 5.0e+08 8.0e+08 1.0e+09 1.5e+09 2.0e+09 3.0e+09 5.0e+09
177  170.80    5.8    6.9    8.7   10.6   15.3   20.3  2.0e+07 3.0e+07 5.0e+07 8.0e+07 1.0e+08 1.5e+08 2.0e+08 3.0e+08 5.0e+08 8.0e+08 1.0e+09 1.5e+09 2.0e+09 3.0e+09 5.0e+09
178  171.29    5.8    6.9    8.7   10.6   15.3   20.3  2.0e+07 3.0e+07 5.0e+07 8.0e+07 1.0e+08 1.5e+08 2.0e+08 3.0e+08 5.0e+08 8.0e+08 1.0e+09 1.5e+09 2.0e+09 3.0e+09 5.0e+09
179  171.78    5.8    6.9    8.7   10.6   15.3   20.2  2.0e+07 3.0e+07 5.0e+07 8.0e+07 1.0e+08 1.5e+08 2.0e+08 3.0e+08 5.0e+08 8.0e+08 1.0e+09 1.5e+09 2.0e+09 3.0e+09 5.0e+09
180  172.28    5.8    6.8    8.7   10.6   15.3   20.2  2.0e+07 3.0e+07 5.0e+07 8.0e+07 1.0e+08 1.5e+08 2.0e+08 3.0e+08 5.0e+08 8.0e+08 1.0e+09 1.5e+09 2.0e+09 3.0e+09 5.0e+09
181  172.77    5.8    6.8    8.7   10.6   15.3   20.2  2.0e+07 3.0e+07 5.0e+07 8.0e+07 1.0e+08 1.5e+08 2.0e+08 3.0e+08 5.0e+08 8.0e+08 1.0e+09 1.5e+09 2.0e+09 3.0e+09 5.0e+09
182  173.26    5.7    6.8    8.7   10.6   15.3   20.2  2.0e+07 3.0e+07 5.0e+07 8.0e+07 1.0e+08 1.5e+08 2.0e+08 3.0e+08 5.0e+08 8.0e+08 1.0e+09 1.5e+09 2.0e+09 3.0e+09 5.0e+09
183  173.75    5.7    6.8    8.6   10.5   15.3   20.2  2.0e+07 3.0e+07 5.0e+07 8.0e+07 1.0e+08 1.5e+08 2.0e+08 3.0e+08 5.0e+08 8.0e+08 1.0e+09 1.5e+09 2.0e+09 3.0e+09 5.0e+09
184  174.24    5.7    6.8    8.6   10.5   15.3   20.2  2.0e+07 3.0e+07 5.0e+07 8.0e+07 1.0e+08 1.5e+08 2.0e+08 3.0e+08 5.0e+08 8.0e+08 1.0e+09 1.5e+09 2.0e+09 3.0e+09 5.0e+09
185  174.73    5.7    6.8    8.6   10.5   15.3   20.2  2.0e+07 3.0e+07 5.0e+07 8.0e+07 1.0e+08 1.5e+08 2.0e+08 3.0e+08 5.0e+08 8.0e+08 1.0e+09 1.5e+09 2.0e+09 3.0e+09 5.0e+09
186  175.22    5.7    6.8    8.6   10.5   15.3   20.2  2.0e+07 3.0e+07 5.0e+07 8.0e+07 1.0e+08 1.5e+08 2.0e+08 3.0e+08 5.0e+08 8.0e+08 1.0e+09 1.5e+09 2.0e+09 3.0e+09 5.0e+09
187  175.71    5.7    6.8    8.6   10.5   15.3   20.2  2.0e+07 3.0e+07 5.0e+07 8.0e+07 1.0e+08 1.5e+08 2.0e+08 3.0e+08 5.0e+08 8.0e+08 1.0e+09 1.5e+09 2.0e+09 3.0e+09 5.0e+09
188  176.19    5.6    6.7    8.6   10.5   15.3   20.2  2.0e+07 3.0e+07 5.0e+07 8.0e+07 1.0e+08 1.5e+08 2.0e+08 3.0e+08 5.0e+08 8.0e+08 1.0e+09 1.5e+09 2.0e+09 3.0e+09 5.0e+09
189  176.68    5.6    6.7    8.6   10.5   15.3   20.2  2.0e+07 3.0e+07 5.0e+07 8.0e+07 1.0e+08 1.5e+08 2.0e+08 3.0e+08 5.0e+08 8.0e+08 1.0e+09 1.5e+09 2.0e+09 3.0e+09 5.0e+09
190  177.16    5.6    6.7    8.6   10.5   15.3   20.2  2.0e+07 3.0e+07 5.0e+07 8.0e+07 1.0e+08 1.5e+08 2.0e+08 3.0e+08 5.0e+08 8.0e+08 1.0e+09 1.5e+09 2.0e+09 3.0e+09 5.0e+09
191  177.64    5.6    6.7    8.6   10.5   15.3   20.2  2.0e+07 3.0e+07 5.0e+07 8.0e+07 1.0e+08 1.5e+08 2.0e+08 3.0e+08 5.0e+08 8.0e+08 1.0e+09 1.5e+09 2.0e+09 3.0e+09 5.0e+09
192  178.13    5.6    6.7    8.6   10.5   15.3   20.2  2.0e+07 3.0e+07 5.0e+07 8.0e+07 1.0e+08 1.5e+08 2.0e+08 3.0e+08 5.0e+08 8.0e+08 1.0e+09 1.5e+09 2.0e+09 3.0e+09 5.0e+09
193  178.85    5.6    6.7    8.5   10.5   15.2   20.2  2.0e+07 3.0e+07 5.0e+07 8.0e+07 1.0e+08 1.5e+08 2.0e+08 3.0e+08 5.0e+08 8.0e+08 1.0e+09 1.5e+09 2.0e+09 3.0e+09 5.0e+09
194  179.57    5.5    6.7    8.5   10.4   15.2   20.2  2.0e+07 3.0e+07 5.0e+07 8.0e+07 1.0e+08 1.5e+08 2.0e+08 3.0e+08 5.0e+08 8.0e+08 1.0e+09 1.5e+09 2.0e+09 3.0e+09 5.0e+09
195  180.29    5.5    6.6    8.5   10.4   15.2   20.2  2.0e+07 3.0e+07 5.0e+07 8.0e+07 1.0e+08 1.5e+08 2.0e+08 3.0e+08 5.0e+08 8.0e+08 1.0e+09 1.5e+09 2.0e+09 3.0e+09 5.0e+09
196  181.00    5.5    6.6    8.5   10.4   15.2   20.2  2.0e+07 3.0e+07 5.0e+07 8.0e+07 1.0e+08 1.5e+08 2.0e+08 3.0e+08 5.0e+08 8.0e+08 1.0e+09 1.5e+09 2.0e+09 3.0e+09 5.0e+09
197  181.72    5.5    6.6    8.5   10.4   15.2   20.2  2.0e+07 3.0e+07 5.0e+07 8.0e+07 1.0e+08 1.5e+08 2.0e+08 3.0e+08 5.0e+08 8.0e+08 1.0e+09 1.5e+09 2.0e+09 3.0e+09 5.0e+09
198  182.43    5.5    6.6    8.5   10.4   15.2   20.2  2.0e+07 3.0e+07 5.0e+07 8.0e+07 1.0e+08 1.5e+08 2.0e+08 3.0e+08 5.0e+08 8.0e+08 1.0e+09 1.5e+09 2.0e+09 3.0e+09 5.0e+09
199  183.14    5.5    6.6    8.5   10.4   15.2   20.2  2.0e+07 3.0e+07 5.0e+07 8.0e+07 1.0e+08 1.5e+08 2.0e+08 3.0e+08 5.0e+08 8.0e+08 1.0e+09 1.5e+09 2.0e+09 3.0e+09 5.0e+09
200  183.85    5.4    6.6    8.5   10.4   15.2   20.1  2.0e+07 3.0e+07 5.0e+07 8.0e+07 1.0e+08 1.5e+08 2.0e+08 3.0e+08 5.0e+08 8.0e+08 1.0e+09 1.5e+09 2.0e+09 3.0e+09 5.0e+09
201  184.56    5.4    6.6    8.4   10.4   15.2   20.1  2.0e+07 3.0e+07 5.0e+07 8.0e+07 1.0e+08 1.5e+08 2.0e+08 3.0e+08 5.0e+08 8.0e+08 1.0e+09 1.5e+09 2.0e+09 3.0e+09 5.0e+09
202  185.27    5.4    6.5    8.4   10.4   15.2   20.1  2.0e+07 3.0e+07 5.0e+07 8.0e+07 1.0e+08 1.5e+08 2.0e+08 3.0e+08 5.0e+08 8.0e+08 1.0e+09 1.5e+09 2.0e+09 3.0e+09 5.0e+09
203  185.97    5.4    6.5    8.4   10.4   15.2   20.1  2.0e+07 3.0e+07 5.0e+07 8.0e+07 1.0e+08 1.5e+08 2.0e+08 3.0e+08 5.0e+08 8.0e+08 1.0e+09 1.5e+09 2.0e+09 3.0e+09 5.0e+09
204  186.67    5.4    6.5    8.4   10.4   15.2   20.1  2.0e+07 3.0e+07 5.0e+07 8.0e+07 1.0e+08 1.5e+08 2.0e+08 3.0e+08 5.0e+08 8.0e+08 1.0e+09 1.5e+09 2.0e+09 3.0e+09 5.0e+09
205  187.37    5.3    6.5    8.4   10.3   15.2   20.1  2.0e+07 3.0e+07 5.0e+07 8.0e+07 1.0e+08 1.5e+08 2.0e+08 3.0e+08 5.0e+08 8.0e+08 1.0e+09 1.5e+09 2.0e+09 3.0e+09 5.0e+09
206  188.07    5.3    6.5    8.4   10.3   15.2   20.1  2.0e+07 3.0e+07 5.0e+07 8.0e+07 1.0e+08 1.5e+08 2.0e+08 3.0e+08 5.0e+08 8.0e+08 1.0e+09 1.5e+09 2.0e+09 3.0e+09 5.0e+09
207  188.77    5.3    6.5    8.4   10.3   15.2   20.1  2.0e+07 3.0e+07 5.0e+07 8.0e+07 1.0e+08 1.5e+08 2.0e+08 3.0e+08 5.0e+08 8.0e+08 1.0e+09 1.5e+09 2.0e+09 3.0e+09 5.0e+09
208  189.46    5.3    6.5    8.4   10.3   15.2   20.1  2.0e+07 3.0e+07 5.0e+07 8.0e+07 1.0e+08 1.5e+08 2.0e+08 3.0e+08 5.0e+08 8.0e+08 1.0e+09 1.5e+09 2.0e+09 3.0e+09 5.0e+09
209  190.16    5.3    6.4    8.4   10.3   15.1   20.1  2.0e+07 3.0e+07 5.0e+07 8.0e+07 1.0e+08 1.5e+08 2.0e+08 3.0e+08 5.0e+08 8.0e+08 1.0e+09 1.5e+09 2.0e+09 3.0e+09 5.0e+09
210  190.85    5.3    6.4    8.4   10.3   15.1   20.1  2.0e+07 3.0e+07 5.0e+07 8.0e+07 1.0e+08 1.5e+08 2.0e+08 3.0e+08 5.0e+08 8.0e+08 1.0e+09 1.5e+09 2.0e+09 3.0e+09 5.0e+09
211  191.54    5.3    6.4    8.3   10.3   15.1   20.1  2.0e+07 3.0e+07 5.0e+07 8.0e+07 1.0e+08 1.5e+08 2.0e+08 3.0e+08 5.0e+08 8.0e+08 1.0e+09 1.5e+09 2.0e+09 3.0e+09 5.0e+09
212  192.23    5.2    6.4    8.3   10.3   15.1   20.1  2.0e+07 3.0e+07 5.0e+07 8.0e+07 1.0e+08 1.5e+08 2.0e+08 3.0e+08 5.0e+08 8.0e+08 1.0e+09 1.5e+09 2.0e+09 3.0e+09 5.0e+09
213  192.92    5.2    6.4    8.3   10.3   15.1   20.1  2.0e+07 3.0e+07 5.0e+07 8.0e+07 1.0e+08 1.5e+08 2.0e+08 3.0e+08 5.0e+08 8.0e+08 1.0e+09 1.5e+09 2.0e+09 3.0e+09 5.0e+09
214  193.60    5.2    6.4    8.3   10.3   15.1   20.1  2.0e+07 3.0e+07 5.0e+07 8.0e+07 1.0e+08 1.5e+08 2.0e+08 3.0e+08 5.0e+08 8.0e+08 1.0e+09 1.5e+09 2.0e+09 3.0e+09 5.0e+09
215  194.29    5.2    6.4    8.3   10.3   15.1   20.1  2.0e+07 3.0e+07 5.0e+07 8.0e+07 1.0e+08 1.5e+08 2.0e+08 3.0e+08 5.0e+08 8.0e+08 1.0e+09 1.5e+09 2.0e+09 3.0e+09 5.0e+09
216  194.97    5.2    6.4    8.3   10.3   15.1   20.1  2.0e+07 3.0e+07 5.0e+07 8.0e+07 1.0e+08 1.5e+08 2.0e+08 3.0e+08 5.0e+08 8.0e+08 1.0e+09 1.5e+09 2.0e+09 3.0e+09 5.0e+09
217  195.65    5.2    6.4    8.3   10.3   15.1   20.1  2.0e+07 3.0e+07 5.0e+07 8.0e+07 1.0e+08 1.5e+08 2.0e+08 3.0e+08 5.0e+08 8.0e+08 1.0e+09 1.5e+09 2.0e+09 3.0e+09 5.0e+09
218  196.33    5.2    6.4    8.3   10.3   15.1   20.1  2.0e+07 3.0e+07 5.0e+07 8.0e+07 1.0e+08 1.5e+08 2.0e+08 3.0e+08 5.0e+08 8.0e+08 1.0e+09 1.5e+09 2.0e+09 3.0e+09 5.0e+09
219  197.01    5.2    6.3    8.3   10.2   15.1   20.1  2.0e+07 3.0e+07 5.0e+07 8.0e+07 1.0e+08 1.5e+08 2.0e+08 3.0e+08 5.0e+08 8.0e+08 1.0e+09 1.5e+09 2.0e+09 3.0e+09 5.0e+09
220  197.68    5.1    6.3    8.3   10.2   15.1   20.1  2.0e+07 3.0e+07 5.0e+07 8.0e+07 1.0e+08 1.5e+08 2.0e+08 3.0e+08 5.0e+08 8.0e+08 1.0e+09 1.5e+09 2.0e+09 3.0e+09 5.0e+09
221  198.36    5.1    6.3    8.3   10.2   15.1   20.1  2.0e+07 3.0e+07 5.0e+07 8.0e+07 1.0e+08 1.5e+08 2.0e+08 3.0e+08 5.0e+08 8.0e+08 1.0e+09 1.5e+09 2.0e+09 3.0e+09 5.0e+09
222  199.03    5.1    6.3    8.3   10.2   15.1   20.1  2.0e+07 3.0e+07 5.0e+07 8.0e+07 1.0e+08 1.5e+08 2.0e+08 3.0e+08 5.0e+08 8.0e+08 1.0e+09 1.5e+09 2.0e+09 3.0e+09 5.0e+09
223  199.70    5.1    6.3    8.3   10.2   15.1   20.1  2.0e+07 3.0e+07 5.0e+07 8.0e+07 1.0e+08 1.5e+08 2.0e+08 3.0e+08 5.0e+08 8.0e+08 1.0e+09 1.5e+09 2.0e+09 3.0e+09 5.0e+09
224  200.38    5.1    6.3    8.3   10.2   15.1   20.1  2.0e+07 3.0e+07 5.0e+07 8.0e+07 1.0e+08 1.5e+08 2.0e+08 3.0e+08 5.0e+08 8.0e+08 1.0e+09 1.5e+09 2.0e+09 3.0e+09 5.0e+09
225  201.04    5.1    6.3    8.2   10.2   15.1   20.1  2.0e+07 3.0e+07 5.0e+07 8.0e+07 1.0e+08 1.5e+08 2.0e+08 3.0e+08 5.0e+08 8.0e+08 1.0e+09 1.5e+09 2.0e+09 3.0e+09 5.0e+09
226  201.71    5.1    6.3    8.2   10.2   15.1   20.1  2.0e+07 3.0e+07 5.0e+07 8.0e+07 1.0e+08 1.5e+08 2.0e+08 3.0e+08 5.0e+08 8.0e+08 1.0e+09 1.5e+09 2.0e+09 3.0e+09 5.0e+09
227  202.38    5.1    6.3    8.2   10.2   15.1   20.1  2.0e+07 3.0e+07 5.0e+07 8.0e+07 1.0e+08 1.5e+08 2.0e+08 3.0e+08 5.0e+08 8.0e+08 1.0e+09 1.5e+09 2.0e+09 3.0e+09 5.0e+09
228  203.04    5.1    6.3    8.2   10.2   15.1   20.1  2.0e+07 3.0e+07 5.0e+07 8.0e+07 1.0e+08 1.5e+08 2.0e+08 3.0e+08 5.0e+08 8.0e+08 1.0e+09 1.5e+09 2.0e+09 3.0e+09 5.0e+09
229  203.71    5.1    6.3    8.2   10.2   15.1   20.1  2.0e+07 3.0e+07 5.0e+07 8.0e+07 1.0e+08 1.5e+08 2.0e+08 3.0e+08 5.0e+08 8.0e+08 1.0e+09 1.5e+09 2.0e+09 3.0e+09 5.0e+09
230  204.37    5.1    6.3    8.2   10.2   15.1   20.1  2.0e+07 3.0e+07 5.0e+07 8.0e+07 1.0e+08 1.5e+08 2.0e+08 3.0e+08 5.0e+08 8.0e+08 1.0e+09 1.5e+09 2.0e+09 3.0e+09 5.0e+09
231  205.03    5.0    6.2    8.2   10.2   15.1   20.0  2.0e+07 3.0e+07 5.0e+07 8.0e+07 1.0e+08 1.5e+08 2.0e+08 3.0e+08 5.0e+08 8.0e+08 1.0e+09 1.5e+09 2.0e+09 3.0e+09 5.0e+09
232  205.69    5.0    6.2    8.2   10.2   15.1   20.0  2.0e+07 3.0e+07 5.0e+07 8.0e+07 1.0e+08 1.5e+08 2.0e+08 3.0e+08 5.0e+08 8.0e+08 1.0e+09 1.5e+09 2.0e+09 3.0e+09 5.0e+09
233  206.35    5.0    6.2    8.2   10.2   15.1   20.0  2.0e+07 3.0e+07 5.0e+07 8.0e+07 1.0e+08 1.5e+08 2.0e+08 3.0e+08 5.0e+08 8.0e+08 1.0e+09 1.5e+09 2.0e+09 3.0e+09 5.0e+09
234  207.00    5.0    6.2    8.2   10.2   15.1   20.0  2.0e+07 3.0e+07 5.0e+07 8.0e+07 1.0e+08 1.5e+08 2.0e+08 3.0e+08 5.0e+08 8.0e+08 1.0e+09 1.5e+09 2.0e+09 3.0e+09 5.0e+09
235  207.66    5.0    6.2    8.2   10.2   15.1   20.0  2.0e+07 3.0e+07 5.0e+07 8.0e+07 1.0e+08 1.5e+08 2.0e+08 3.0e+08 5.0e+08 8.0e+08 1.0e+09 1.5e+09 2.0e+09 3.0e+09 5.0e+09
236  208.31    5.0    6.2    8.2   10.2   15.1   20.0  2.0e+07 3.0e+07 5.0e+07 8.0e+07 1.0e+08 1.5e+08 2.0e+08 3.0e+08 5.0e+08 8.0e+08 1.0e+09 1.5e+09 2.0e+09 3.0e+09 5.0e+09
237  208.97    5.0    6.2    8.2   10.2   15.0   20.0  2.0e+07 3.0e+07 5.0e+07 8.0e+07 1.0e+08 1.5e+08 2.0e+08 3.0e+08 5.0e+08 8.0e+08 1.0e+09 1.5e+09 2.0e+09 3.0e+09 5.0e+09
238  209.62    5.0    6.2    8.2   10.2   15.0   20.0  2.0e+07 3.0e+07 5.0e+07 8.0e+07 1.0e+08 1.5e+08 2.0e+08 3.0e+08 5.0e+08 8.0e+08 1.0e+09 1.5e+09 2.0e+09 3.0e+09 5.0e+09
239  210.27    5.0    6.2    8.2   10.2   15.0   20.0  2.0e+07 3.0e+07 5.0e+07 8.0e+07 1.0e+08 1.5e+08 2.0e+08 3.0e+08 5.0e+08 8.0e+08 1.0e+09 1.5e+09 2.0e+09 3.0e+09 5.0e+09
240  210.92    5.0    6.2    8.2   10.2   15.0   20.0  2.0e+07 3.0e+07 5.0e+07 8.0e+07 1.0e+08 1.5e+08 2.0e+08 3.0e+08 5.0e+08 8.0e+08 1.0e+09 1.5e+09 2.0e+09 3.0e+09 5.0e+09
241  211.57    5.0    6.2    8.2   10.2   15.0   20.0  2.0e+07 3.0e+07 5.0e+07 8.0e+07 1.0e+08 1.5e+08 2.0e+08 3.0e+08 5.0e+08 8.0e+08 1.0e+09 1.5e+09 2.0e+09 3.0e+09 5.0e+09
242  212.21    5.0    6.2    8.2   10.2   15.0   20.0  2.0e+07 3.0e+07 5.0e+07 8.0e+07 1.0e+08 1.5e+08 2.0e+08 3.0e+08 5.0e+08 8.0e+08 1.0e+09 1.5e+09 2.0e+09 3.0e+09 5.0e+09
243  212.86    5.0    6.2    8.2   10.1   15.0   20.0  2.0e+07 3.0e+07 5.0e+07 8.0e+07 1.0e+08 1.5e+08 2.0e+08 3.0e+08 5.0e+08 8.0e+08 1.0e+09 1.5e+09 2.0e+09 3.0e+09 5.0e+09
244  213.50    4.9    6.2    8.2   10.1   15.0   20.0  2.0e+07 3.0e+07 5.0e+07 8.0e+07 1.0e+08 1.5e+08 2.0e+08 3.0e+08 5.0e+08 8.0e+08 1.0e+09 1.5e+09 2.0e+09 3.0e+09 5.0e+09
245  214.14    4.9    6.2    8.1   10.1   15.0   20.0  2.0e+07 3.0e+07 5.0e+07 8.0e+07 1.0e+08 1.5e+08 2.0e+08 3.0e+08 5.0e+08 8.0e+08 1.0e+09 1.5e+09 2.0e+09 3.0e+09 5.0e+09
246  214.79    4.9    6.2    8.1   10.1   15.0   20.0  2.0e+07 3.0e+07 5.0e+07 8.0e+07 1.0e+08 1.5e+08 2.0e+08 3.0e+08 5.0e+08 8.0e+08 1.0e+09 1.5e+09 2.0e+09 3.0e+09 5.0e+09
247  215.43    4.9    6.2    8.1   10.1   15.0   20.0  2.0e+07 3.0e+07 5.0e+07 8.0e+07 1.0e+08 1.5e+08 2.0e+08 3.0e+08 5.0e+08 8.0e+08 1.0e+09 1.5e+09 2.0e+09 3.0e+09 5.0e+09
248  216.07    4.9    6.1    8.1   10.1   15.0   20.0  2.0e+07 3.0e+07 5.0e+07 8.0e+07 1.0e+08 1.5e+08 2.0e+08 3.0e+08 5.0e+08 8.0e+08 1.0e+09 1.5e+09 2.0e+09 3.0e+09 5.0e+09
249  216.70    4.9    6.1    8.1   10.1   15.0   20.0  2.0e+07 3.0e+07 5.0e+07 8.0e+07 1.0e+08 1.5e+08 2.0e+08 3.0e+08 5.0e+08 8.0e+08 1.0e+09 1.5e+09 2.0e+09 3.0e+09 5.0e+09
250  217.34    4.9    6.1    8.1   10.1   15.0   20.0  2.0e+07 3.0e+07 5.0e+07 8.0e+07 1.0e+08 1.5e+08 2.0e+08 3.0e+08 5.0e+08 8.0e+08 1.0e+09 1.5e+09 2.0e+09 3.0e+09 5.0e+09
251  217.98    4.9    6.1    8.1   10.1   15.0   20.0  2.0e+07 3.0e+07 5.0e+07 8.0e+07 1.0e+08 1.5e+08 2.0e+08 3.0e+08 5.0e+08 8.0e+08 1.0e+09 1.5e+09 2.0e+09 3.0e+09 5.0e+09
252  218.61    4.9    6.1    8.1   10.1   15.0   20.0  2.0e+07 3.0e+07 5.0e+07 8.0e+07 1.0e+08 1.5e+08 2.0e+08 3.0e+08 5.0e+08 8.0e+08 1.0e+09 1.5e+09 2.0e+09 3.0e+09 5.0e+09
253  219.24    4.9    6.1    8.1   10.1   15.0   20.0  2.0e+07 3.0e+07 5.0e+07 8.0e+07 1.0e+08 1.5e+08 2.0e+08 3.0e+08 5.0e+08 8.0e+08 1.0e+09 1.5e+09 2.0e+09 3.0e+09 5.0e+09
254  219.88    4.9    6.1    8.1   10.1   15.0   20.0  2.0e+07 3.0e+07 5.0e+07 8.0e+07 1.0e+08 1.5e+08 2.0e+08 3.0e+08 5.0e+08 8.0e+08 1.0e+09 1.5e+09 2.0e+09 3.0e+09 5.0e+09
255  220.51    4.9    6.1    8.1   10.1   15.0   20.0  2.0e+07 3.0e+07 5.0e+07 8.0e+07 1.0e+08 1.5e+08 2.0e+08 3.0e+08 5.0e+08 8.0e+08 1.0e+09 1.5e+09 2.0e+09 3.0e+09 5.0e+09
