# LIBC V1.5 He4 V1
# E  E[MeV/u] F1[mm] F2[mm] F3[mm] F4[mm] F5[mm] F6[mm]    I1      I2      I3      I4      I5      I6      I7      I8      I9     I10     I11     I12     I13     I14     I15
  1   103.77    8.8   10.3   11.6   13.1   17.2   21.7  1.0e+06 1.5e+06 2.5e+06 4.0e+06 5.0e+06 8.0e+06 1.0e+07 1.5e+07 2.5e+07 4.0e+07 5.0e+07 8.0e+07 1.0e+08 1.5e+08 2.5e+08
  2   106.56    8.6   10.2   11.5   13.0   17.1   21.6  1.0e+06 1.5e+06 2.5e+06 4.0e+06 5.0e+06 8.0e+06 1.0e+07 1.5e+07 2.5e+07 4.0e+07 5.0e+07 8.0e+07 1.0e+08 1.5e+08 2.5e+08
  3   109.29    8.4   10.0   11.4   12.9   17.0   21.5  1.0e+06 1.5e+06 2.5e+06 4.0e+06 5.0e+06 8.0e+06 1.0e+07 1.5e+07 2.5e+07 4.0e+07 5.0e+07 8.0e+07 1.0e+08 1.5e+08 2.5e+08
  4   111.95    8.2    9.9   11.2   12.8   16.9   21.5  1.0e+06 1.5e+06 2.5e+06 4.0e+06 5.0e+06 8.0e+06 1.0e+07 1.5e+07 2.5e+07 4.0e+07 5.0e+07 8.0e+07 1.0e+08 1.5e+08 2.5e+08
  5   114.57    8.1    9.8   11.1   12.7   16.8   21.4  1.0e+06 1.5e+06 2.5e+06 4.0e+06 5.0e+06 8.0e+06 1.0e+07 1.5e+07 2.5e+07 4.0e+07 5.0e+07 8.0e+07 1.0e+08 1.5e+08 2.5e+08
  6   117.20    7.9    9.6   11.0   12.6   16.8   21.3  1.0e+06 1.5e+06 2.5e+06 4.0e+06 5.0e+06 8.0e+06 1.0e+07 1.5e+07 2.5e+07 4.0e+07 5.0e+07 8.0e+07 1.0e+08 1.5e+08 2.5e+08
  7   119.73    7.8    9.5   10.9   12.5   16.7   21.3  1.0e+06 1.5e+06 2.5e+06 4.0e+06 5.0e+06 8.0e+06 1.0e+07 1.5e+07 2.5e+07 4.0e+07 5.0e+07 8.0e+07 1.0e+08 1.5e+08 2.5e+08
  8   122.28    7.6    9.4   10.8   12.4   16.6   21.2  1.0e+06 1.5e+06 2.5e+06 4.0e+06 5.0e+06 8.0e+06 1.0e+07 1.5e+07 2.5e+07 4.0e+07 5.0e+07 8.0e+07 1.0e+08 1.5e+08 2.5e+08
  9   124.74    7.5    9.3   10.7   12.3   16.6   21.2  1.0e+06 1.5e+06 2.5e+06 4.0e+06 5.0e+06 8.0e+06 1.0e+07 1.5e+07 2.5e+07 4.0e+07 5.0e+07 8.0e+07 1.0e+08 1.5e+08 2.5e+08
 10   127.21    7.4    9.2   10.6   12.2   16.5   21.2  1.0e+06 1.5e+06 2.5e+06 4.0e+06 5.0e+06 8.0e+06 1.0e+07 1.5e+07 2.5e+07 4.0e+07 5.0e+07 8.0e+07 1.0e+08 1.5e+08 2.5e+08
 11   129.65    7.3    9.1   10.5   12.1   16.4   21.1  1.0e+06 1.5e+06 2.5e+06 4.0e+06 5.0e+06 8.0e+06 1.0e+07 1.5e+07 2.5e+07 4.0e+07 5.0e+07 8.0e+07 1.0e+08 1.5e+08 2.5e+08
 12   132.07    7.1    9.0   10.5   12.1   16.4   21.1  1.0e+06 1.5e+06 2.5e+06 4.0e+06 5.0e+06 8.0e+06 1.0e+07 1.5e+07 2.5e+07 4.0e+07 5.0e+07 8.0e+07 1.0e+08 1.5e+08 2.5e+08
 13   134.44    7.0    8.9   10.4   12.0   16.3   21.0  1.0e+06 1.5e+06 2.5e+06 4.0e+06 5.0e+06 8.0e+06 1.0e+07 1.5e+07 2.5e+07 4.0e+07 5.0e+07 8.0e+07 1.0e+08 1.5e+08 2.5e+08
 14   136.79    6.9    8.8   10.3   11.9   16.3   21.0  1.0e+06 1.5e+06 2.5e+06 4.0e+06 5.0e+06 8.0e+06 1.0e+07 1.5e+07 2.5e+07 4.0e+07 5.0e+07 8.0e+07 1.0e+08 1.5e+08 2.5e+08
 15   139.09    6.8    8.7   10.2   11.9   16.3   21.0  1.0e+06 1.5e+06 2.5e+06 4.0e+06 5.0e+06 8.0e+06 1.0e+07 1.5e+07 2.5e+07 4.0e+07 5.0e+07 8.0e+07 1.0e+08 1.5e+08 2.5e+08
 16   141.39    6.7    8.7   10.2   11.8   16.2   20.9  1.0e+06 1.5e+06 2.5e+06 4.0e+06 5.0e+06 8.0e+06 1.0e+07 1.5e+07 2.5e+07 4.0e+07 5.0e+07 8.0e+07 1.0e+08 1.5e+08 2.5e+08
 17   143.61    6.6    8.6   10.1   11.8   16.2   20.9  1.0e+06 1.5e+06 2.5e+06 4.0e+06 5.0e+06 8.0e+06 1.0e+07 1.5e+07 2.5e+07 4.0e+07 5.0e+07 8.0e+07 1.0e+08 1.5e+08 2.5e+08
 18   145.88    6.5    8.5   10.0   11.7   16.1   20.9  1.0e+06 1.5e+06 2.5e+06 4.0e+06 5.0e+06 8.0e+06 1.0e+07 1.5e+07 2.5e+07 4.0e+07 5.0e+07 8.0e+07 1.0e+08 1.5e+08 2.5e+08
 19   148.05    6.4    8.4   10.0   11.7   16.1   20.8  1.0e+06 1.5e+06 2.5e+06 4.0e+06 5.0e+06 8.0e+06 1.0e+07 1.5e+07 2.5e+07 4.0e+07 5.0e+07 8.0e+07 1.0e+08 1.5e+08 2.5e+08
 20   150.24    6.3    8.4    9.9   11.6   16.1   20.8  1.0e+06 1.5e+06 2.5e+06 4.0e+06 5.0e+06 8.0e+06 1.0e+07 1.5e+07 2.5e+07 4.0e+07 5.0e+07 8.0e+07 1.0e+08 1.5e+08 2.5e+08
 21   152.42    6.2    8.3    9.9   11.6   16.0   20.8  1.0e+06 1.5e+06 2.5e+06 4.0e+06 5.0e+06 8.0e+06 1.0e+07 1.5e+07 2.5e+07 4.0e+07 5.0e+07 8.0e+07 1.0e+08 1.5e+08 2.5e+08
 22   154.58    6.2    8.2    9.8   11.5   16.0   20.8  1.0e+06 1.5e+06 2.5e+06 4.0e+06 5.0e+06 8.0e+06 1.0e+07 1.5e+07 2.5e+07 4.0e+07 5.0e+07 8.0e+07 1.0e+08 1.5e+08 2.5e+08
 23   156.71    6.1    8.2    9.8   11.5   16.0   20.7  1.0e+06 1.5e+06 2.5e+06 4.0e+06 5.0e+06 8.0e+06 1.0e+07 1.5e+07 2.5e+07 4.0e+07 5.0e+07 8.0e+07 1.0e+08 1.5e+08 2.5e+08
 24   158.78    6.0    8.1    9.7   11.4   15.9   20.7  1.0e+06 1.5e+06 2.5e+06 4.0e+06 5.0e+06 8.0e+06 1.0e+07 1.5e+07 2.5e+07 4.0e+07 5.0e+07 8.0e+07 1.0e+08 1.5e+08 2.5e+08
 25   160.88    5.9    8.1    9.7   11.4   15.9   20.7  1.0e+06 1.5e+06 2.5e+06 4.0e+06 5.0e+06 8.0e+06 1.0e+07 1.5e+07 2.5e+07 4.0e+07 5.0e+07 8.0e+07 1.0e+08 1.5e+08 2.5e+08
 26   162.93    5.8    8.0    9.6   11.4   15.9   20.7  1.0e+06 1.5e+06 2.5e+06 4.0e+06 5.0e+06 8.0e+06 1.0e+07 1.5e+07 2.5e+07 4.0e+07 5.0e+07 8.0e+07 1.0e+08 1.5e+08 2.5e+08
 27   164.95    5.8    8.0    9.6   11.3   15.9   20.6  1.0e+06 1.5e+06 2.5e+06 4.0e+06 5.0e+06 8.0e+06 1.0e+07 1.5e+07 2.5e+07 4.0e+07 5.0e+07 8.0e+07 1.0e+08 1.5e+08 2.5e+08
 28   167.02    5.7    7.9    9.5   11.3   15.8   20.6  1.0e+06 1.5e+06 2.5e+06 4.0e+06 5.0e+06 8.0e+06 1.0e+07 1.5e+07 2.5e+07 4.0e+07 5.0e+07 8.0e+07 1.0e+08 1.5e+08 2.5e+08
 29   169.04    5.6    7.9    9.5   11.3   15.8   20.6  1.0e+06 1.5e+06 2.5e+06 4.0e+06 5.0e+06 8.0e+06 1.0e+07 1.5e+07 2.5e+07 4.0e+07 5.0e+07 8.0e+07 1.0e+08 1.5e+08 2.5e+08
 30   171.03    5.6    7.8    9.5   11.2   15.8   20.6  1.0e+06 1.5e+06 2.5e+06 4.0e+06 5.0e+06 8.0e+06 1.0e+07 1.5e+07 2.5e+07 4.0e+07 5.0e+07 8.0e+07 1.0e+08 1.5e+08 2.5e+08
 31   172.98    5.5    7.8    9.4   11.2   15.8   20.6  1.0e+06 1.5e+06 2.5e+06 4.0e+06 5.0e+06 8.0e+06 1.0e+07 1.5e+07 2.5e+07 4.0e+07 5.0e+07 8.0e+07 1.0e+08 1.5e+08 2.5e+08
 32   174.94    5.5    7.7    9.4   11.2   15.7   20.6  1.0e+06 1.5e+06 2.5e+06 4.0e+06 5.0e+06 8.0e+06 1.0e+07 1.5e+07 2.5e+07 4.0e+07 5.0e+07 8.0e+07 1.0e+08 1.5e+08 2.5e+08
 33   176.88    5.4    7.7    9.4   11.1   15.7   20.5  1.0e+06 1.5e+06 2.5e+06 4.0e+06 5.0e+06 8.0e+06 1.0e+07 1.5e+07 2.5e+07 4.0e+07 5.0e+07 8.0e+07 1.0e+08 1.5e+08 2.5e+08
 34   178.79    5.4    7.7    9.3   11.1   15.7   20.5  1.0e+06 1.5e+06 2.5e+06 4.0e+06 5.0e+06 8.0e+06 1.0e+07 1.5e+07 2.5e+07 4.0e+07 5.0e+07 8.0e+07 1.0e+08 1.5e+08 2.5e+08
 35   180.70    5.3    7.6    9.3   11.1   15.7   20.5  1.0e+06 1.5e+06 2.5e+06 4.0e+06 5.0e+06 8.0e+06 1.0e+07 1.5e+07 2.5e+07 4.0e+07 5.0e+07 8.0e+07 1.0e+08 1.5e+08 2.5e+08
 36   182.62    5.2    7.6    9.3   11.1   15.7   20.5  1.0e+06 1.5e+06 2.5e+06 4.0e+06 5.0e+06 8.0e+06 1.0e+07 1.5e+07 2.5e+07 4.0e+07 5.0e+07 8.0e+07 1.0e+08 1.5e+08 2.5e+08
 37   184.50    5.2    7.6    9.2   11.0   15.7   20.5  1.0e+06 1.5e+06 2.5e+06 4.0e+06 5.0e+06 8.0e+06 1.0e+07 1.5e+07 2.5e+07 4.0e+07 5.0e+07 8.0e+07 1.0e+08 1.5e+08 2.5e+08
 38   186.42    5.2    7.5    9.2   11.0   15.6   20.5  1.0e+06 1.5e+06 2.5e+06 4.0e+06 5.0e+06 8.0e+06 1.0e+07 1.5e+07 2.5e+07 4.0e+07 5.0e+07 8.0e+07 1.0e+08 1.5e+08 2.5e+08
 39   188.27    5.1    7.5    9.2   11.0   15.6   20.5  1.0e+06 1.5e+06 2.5e+06 4.0e+06 5.0e+06 8.0e+06 1.0e+07 1.5e+07 2.5e+07 4.0e+07 5.0e+07 8.0e+07 1.0e+08 1.5e+08 2.5e+08
 40   190.11    5.1    7.5    9.2   11.0   15.6   20.5  1.0e+06 1.5e+06 2.5e+06 4.0e+06 5.0e+06 8.0e+06 1.0e+07 1.5e+07 2.5e+07 4.0e+07 5.0e+07 8.0e+07 1.0e+08 1.5e+08 2.5e+08
 41   191.96    5.0    7.4    9.1   11.0   15.6   20.4  1.0e+06 1.5e+06 2.5e+06 4.0e+06 5.0e+06 8.0e+06 1.0e+07 1.5e+07 2.5e+07 4.0e+07 5.0e+07 8.0e+07 1.0e+08 1.5e+08 2.5e+08
 42   193.77    5.0    7.4    9.1   10.9   15.6   20.4  1.0e+06 1.5e+06 2.5e+06 4.0e+06 5.0e+06 8.0e+06 1.0e+07 1.5e+07 2.5e+07 4.0e+07 5.0e+07 8.0e+07 1.0e+08 1.5e+08 2.5e+08
 43   195.60    4.9    7.4    9.1   10.9   15.6   20.4  1.0e+06 1.5e+06 2.5e+06 4.0e+06 5.0e+06 8.0e+06 1.0e+07 1.5e+07 2.5e+07 4.0e+07 5.0e+07 8.0e+07 1.0e+08 1.5e+08 2.5e+08
 44   197.37    4.9    7.3    9.1   10.9   15.6   20.4  1.0e+06 1.5e+06 2.5e+06 4.0e+06 5.0e+06 8.0e+06 1.0e+07 1.5e+07 2.5e+07 4.0e+07 5.0e+07 8.0e+07 1.0e+08 1.5e+08 2.5e+08
 45   199.15    4.9    7.3    9.1   10.9   15.5   20.4  1.0e+06 1.5e+06 2.5e+06 4.0e+06 5.0e+06 8.0e+06 1.0e+07 1.5e+07 2.5e+07 4.0e+07 5.0e+07 8.0e+07 1.0e+08 1.5e+08 2.5e+08
 46   200.94    4.8    7.3    9.0   10.9   15.5   20.4  1.0e+06 1.5e+06 2.5e+06 4.0e+06 5.0e+06 8.0e+06 1.0e+07 1.5e+07 2.5e+07 4.0e+07 5.0e+07 8.0e+07 1.0e+08 1.5e+08 2.5e+08
 47   202.75    4.8    7.3    9.0   10.8   15.5   20.4  1.0e+06 1.5e+06 2.5e+06 4.0e+06 5.0e+06 8.0e+06 1.0e+07 1.5e+07 2.5e+07 4.0e+07 5.0e+07 8.0e+07 1.0e+08 1.5e+08 2.5e+08
 48   204.44    4.7    7.2    9.0   10.8   15.5   20.4  1.0e+06 1.5e+06 2.5e+06 4.0e+06 5.0e+06 8.0e+06 1.0e+07 1.5e+07 2.5e+07 4.0e+07 5.0e+07 8.0e+07 1.0e+08 1.5e+08 2.5e+08
 49   206.20    4.7    7.2    9.0   10.8   15.5   20.4  1.0e+06 1.5e+06 2.5e+06 4.0e+06 5.0e+06 8.0e+06 1.0e+07 1.5e+07 2.5e+07 4.0e+07 5.0e+07 8.0e+07 1.0e+08 1.5e+08 2.5e+08
 50   207.91    4.7    7.2    9.0   10.8   15.5   20.4  1.0e+06 1.5e+06 2.5e+06 4.0e+06 5.0e+06 8.0e+06 1.0e+07 1.5e+07 2.5e+07 4.0e+07 5.0e+07 8.0e+07 1.0e+08 1.5e+08 2.5e+08
 51   209.63    4.6    7.2    8.9   10.8   15.5   20.4  1.0e+06 1.5e+06 2.5e+06 4.0e+06 5.0e+06 8.0e+06 1.0e+07 1.5e+07 2.5e+07 4.0e+07 5.0e+07 8.0e+07 1.0e+08 1.5e+08 2.5e+08
 52   211.35    4.6    7.2    8.9   10.8   15.5   20.4  1.0e+06 1.5e+06 2.5e+06 4.0e+06 5.0e+06 8.0e+06 1.0e+07 1.5e+07 2.5e+07 4.0e+07 5.0e+07 8.0e+07 1.0e+08 1.5e+08 2.5e+08
 53   213.04    4.6    7.1    8.9   10.8   15.5   20.3  1.0e+06 1.5e+06 2.5e+06 4.0e+06 5.0e+06 8.0e+06 1.0e+07 1.5e+07 2.5e+07 4.0e+07 5.0e+07 8.0e+07 1.0e+08 1.5e+08 2.5e+08
 54   214.74    4.5    7.1    8.9   10.8   15.4   20.3  1.0e+06 1.5e+06 2.5e+06 4.0e+06 5.0e+06 8.0e+06 1.0e+07 1.5e+07 2.5e+07 4.0e+07 5.0e+07 8.0e+07 1.0e+08 1.5e+08 2.5e+08
 55   216.43    4.5    7.1    8.9   10.7   15.4   20.3  1.0e+06 1.5e+06 2.5e+06 4.0e+06 5.0e+06 8.0e+06 1.0e+07 1.5e+07 2.5e+07 4.0e+07 5.0e+07 8.0e+07 1.0e+08 1.5e+08 2.5e+08
 56   218.13    4.5    7.1    8.9   10.7   15.4   20.3  1.0e+06 1.5e+06 2.5e+06 4.0e+06 5.0e+06 8.0e+06 1.0e+07 1.5e+07 2.5e+07 4.0e+07 5.0e+07 8.0e+07 1.0e+08 1.5e+08 2.5e+08
 57   219.81    4.5    7.1    8.9   10.7   15.4   20.3  1.0e+06 1.5e+06 2.5e+06 4.0e+06 5.0e+06 8.0e+06 1.0e+07 1.5e+07 2.5e+07 4.0e+07 5.0e+07 8.0e+07 1.0e+08 1.5e+08 2.5e+08
 58   221.53    4.4    7.1    8.8   10.7   15.4   20.3  1.0e+06 1.5e+06 2.5e+06 4.0e+06 5.0e+06 8.0e+06 1.0e+07 1.5e+07 2.5e+07 4.0e+07 5.0e+07 8.0e+07 1.0e+08 1.5e+08 2.5e+08
 59   223.24    4.4    7.0    8.8   10.7   15.4   20.3  1.0e+06 1.5e+06 2.5e+06 4.0e+06 5.0e+06 8.0e+06 1.0e+07 1.5e+07 2.5e+07 4.0e+07 5.0e+07 8.0e+07 1.0e+08 1.5e+08 2.5e+08
 60   224.84    4.4    7.0    8.8   10.7   15.4   20.3  1.0e+06 1.5e+06 2.5e+06 4.0e+06 5.0e+06 8.0e+06 1.0e+07 1.5e+07 2.5e+07 4.0e+07 5.0e+07 8.0e+07 1.0e+08 1.5e+08 2.5e+08
 61   226.53    4.4    7.0    8.8   10.7   15.4   20.3  1.0e+06 1.5e+06 2.5e+06 4.0e+06 5.0e+06 8.0e+06 1.0e+07 1.5e+07 2.5e+07 4.0e+07 5.0e+07 8.0e+07 1.0e+08 1.5e+08 2.5e+08
 62   228.17    4.3    7.0    8.8   10.7   15.4   20.3  1.0e+06 1.5e+06 2.5e+06 4.0e+06 5.0e+06 8.0e+06 1.0e+07 1.5e+07 2.5e+07 4.0e+07 5.0e+07 8.0e+07 1.0e+08 1.5e+08 2.5e+08
 63   229.79    4.3    7.0    8.8   10.7   15.4   20.3  1.0e+06 1.5e+06 2.5e+06 4.0e+06 5.0e+06 8.0e+06 1.0e+07 1.5e+07 2.5e+07 4.0e+07 5.0e+07 8.0e+07 1.0e+08 1.5e+08 2.5e+08
 64   231.41    4.3    7.0    8.8   10.6   15.4   20.3  1.0e+06 1.5e+06 2.5e+06 4.0e+06 5.0e+06 8.0e+06 1.0e+07 1.5e+07 2.5e+07 4.0e+07 5.0e+07 8.0e+07 1.0e+08 1.5e+08 2.5e+08
 65   233.03    4.3    6.9    8.8   10.6   15.4   20.3  1.0e+06 1.5e+06 2.5e+06 4.0e+06 5.0e+06 8.0e+06 1.0e+07 1.5e+07 2.5e+07 4.0e+07 5.0e+07 8.0e+07 1.0e+08 1.5e+08 2.5e+08
 66   234.62    4.2    6.9    8.7   10.6   15.4   20.3  1.0e+06 1.5e+06 2.5e+06 4.0e+06 5.0e+06 8.0e+06 1.0e+07 1.5e+07 2.5e+07 4.0e+07 5.0e+07 8.0e+07 1.0e+08 1.5e+08 2.5e+08
 67   236.24    4.2    6.9    8.7   10.6   15.4   20.3  1.0e+06 1.5e+06 2.5e+06 4.0e+06 5.0e+06 8.0e+06 1.0e+07 1.5e+07 2.5e+07 4.0e+07 5.0e+07 8.0e+07 1.0e+08 1.5e+08 2.5e+08
 68   237.83    4.2    6.9    8.7   10.6   15.3   20.3  1.0e+06 1.5e+06 2.5e+06 4.0e+06 5.0e+06 8.0e+06 1.0e+07 1.5e+07 2.5e+07 4.0e+07 5.0e+07 8.0e+07 1.0e+08 1.5e+08 2.5e+08
 69   239.42    4.2    6.9    8.7   10.6   15.3   20.3  1.0e+06 1.5e+06 2.5e+06 4.0e+06 5.0e+06 8.0e+06 1.0e+07 1.5e+07 2.5e+07 4.0e+07 5.0e+07 8.0e+07 1.0e+08 1.5e+08 2.5e+08
 70   241.00    4.2    6.9    8.7   10.6   15.3   20.3  1.0e+06 1.5e+06 2.5e+06 4.0e+06 5.0e+06 8.0e+06 1.0e+07 1.5e+07 2.5e+07 4.0e+07 5.0e+07 8.0e+07 1.0e+08 1.5e+08 2.5e+08
 71   242.58    4.1    6.9    8.7   10.6   15.3   20.3  1.0e+06 1.5e+06 2.5e+06 4.0e+06 5.0e+06 8.0e+06 1.0e+07 1.5e+07 2.5e+07 4.0e+07 5.0e+07 8.0e+07 1.0e+08 1.5e+08 2.5e+08
 72   244.15    4.1    6.9    8.7   10.6   15.3   20.2  1.0e+06 1.5e+06 2.5e+06 4.0e+06 5.0e+06 8.0e+06 1.0e+07 1.5e+07 2.5e+07 4.0e+07 5.0e+07 8.0e+07 1.0e+08 1.5e+08 2.5e+08
 73   245.71    4.1    6.8    8.7   10.6   15.3   20.2  1.0e+06 1.5e+06 2.5e+06 4.0e+06 5.0e+06 8.0e+06 1.0e+07 1.5e+07 2.5e+07 4.0e+07 5.0e+07 8.0e+07 1.0e+08 1.5e+08 2.5e+08
 74   247.26    4.1    6.8    8.7   10.6   15.3   20.2  1.0e+06 1.5e+06 2.5e+06 4.0e+06 5.0e+06 8.0e+06 1.0e+07 1.5e+07 2.5e+07 4.0e+07 5.0e+07 8.0e+07 1.0e+08 1.5e+08 2.5e+08
 75   248.83    4.1    6.8    8.7   10.6   15.3   20.2  1.0e+06 1.5e+06 2.5e+06 4.0e+06 5.0e+06 8.0e+06 1.0e+07 1.5e+07 2.5e+07 4.0e+07 5.0e+07 8.0e+07 1.0e+08 1.5e+08 2.5e+08
 76   250.36    4.0    6.8    8.7   10.5   15.3   20.2  1.0e+06 1.5e+06 2.5e+06 4.0e+06 5.0e+06 8.0e+06 1.0e+07 1.5e+07 2.5e+07 4.0e+07 5.0e+07 8.0e+07 1.0e+08 1.5e+08 2.5e+08
 77   252.00    4.0    6.8    8.6   10.5   15.3   20.2  1.0e+06 1.5e+06 2.5e+06 4.0e+06 5.0e+06 8.0e+06 1.0e+07 1.5e+07 2.5e+07 4.0e+07 5.0e+07 8.0e+07 1.0e+08 1.5e+08 2.5e+08
 78   253.54    4.0    6.8    8.6   10.5   15.3   20.2  1.0e+06 1.5e+06 2.5e+06 4.0e+06 5.0e+06 8.0e+06 1.0e+07 1.5e+07 2.5e+07 4.0e+07 5.0e+07 8.0e+07 1.0e+08 1.5e+08 2.5e+08
 79   254.99    4.0    6.8    8.6   10.5   15.3   20.2  1.0e+06 1.5e+06 2.5e+06 4.0e+06 5.0e+06 8.0e+06 1.0e+07 1.5e+07 2.5e+07 4.0e+07 5.0e+07 8.0e+07 1.0e+08 1.5e+08 2.5e+08
 80   256.59    4.0    6.8    8.6   10.5   15.3   20.2  1.0e+06 1.5e+06 2.5e+06 4.0e+06 5.0e+06 8.0e+06 1.0e+07 1.5e+07 2.5e+07 4.0e+07 5.0e+07 8.0e+07 1.0e+08 1.5e+08 2.5e+08
 81   258.11    4.0    6.8    8.6   10.5   15.3   20.2  1.0e+06 1.5e+06 2.5e+06 4.0e+06 5.0e+06 8.0e+06 1.0e+07 1.5e+07 2.5e+07 4.0e+07 5.0e+07 8.0e+07 1.0e+08 1.5e+08 2.5e+08
 82   259.55    3.9    6.8    8.6   10.5   15.3   20.2  1.0e+06 1.5e+06 2.5e+06 4.0e+06 5.0e+06 8.0e+06 1.0e+07 1.5e+07 2.5e+07 4.0e+07 5.0e+07 8.0e+07 1.0e+08 1.5e+08 2.5e+08
 83   261.14    3.9    6.7    8.6   10.5   15.3   20.2  1.0e+06 1.5e+06 2.5e+06 4.0e+06 5.0e+06 8.0e+06 1.0e+07 1.5e+07 2.5e+07 4.0e+07 5.0e+07 8.0e+07 1.0e+08 1.5e+08 2.5e+08
 84   262.65    3.9    6.7    8.6   10.5   15.3   20.2  1.0e+06 1.5e+06 2.5e+06 4.0e+06 5.0e+06 8.0e+06 1.0e+07 1.5e+07 2.5e+07 4.0e+07 5.0e+07 8.0e+07 1.0e+08 1.5e+08 2.5e+08
 85   264.16    3.9    6.7    8.6   10.5   15.3   20.2  1.0e+06 1.5e+06 2.5e+06 4.0e+06 5.0e+06 8.0e+06 1.0e+07 1.5e+07 2.5e+07 4.0e+07 5.0e+07 8.0e+07 1.0e+08 1.5e+08 2.5e+08
 86   265.66    3.9    6.7    8.6   10.5   15.3   20.2  1.0e+06 1.5e+06 2.5e+06 4.0e+06 5.0e+06 8.0e+06 1.0e+07 1.5e+07 2.5e+07 4.0e+07 5.0e+07 8.0e+07 1.0e+08 1.5e+08 2.5e+08
 87   267.14    3.9    6.7    8.6   10.5   15.3   20.2  1.0e+06 1.5e+06 2.5e+06 4.0e+06 5.0e+06 8.0e+06 1.0e+07 1.5e+07 2.5e+07 4.0e+07 5.0e+07 8.0e+07 1.0e+08 1.5e+08 2.5e+08
 88   268.64    3.8    6.7    8.6   10.5   15.3   20.2  1.0e+06 1.5e+06 2.5e+06 4.0e+06 5.0e+06 8.0e+06 1.0e+07 1.5e+07 2.5e+07 4.0e+07 5.0e+07 8.0e+07 1.0e+08 1.5e+08 2.5e+08
 89   270.12    3.8    6.7    8.6   10.5   15.3   20.2  1.0e+06 1.5e+06 2.5e+06 4.0e+06 5.0e+06 8.0e+06 1.0e+07 1.5e+07 2.5e+07 4.0e+07 5.0e+07 8.0e+07 1.0e+08 1.5e+08 2.5e+08
 90   271.59    3.8    6.7    8.5   10.5   15.2   20.2  1.0e+06 1.5e+06 2.5e+06 4.0e+06 5.0e+06 8.0e+06 1.0e+07 1.5e+07 2.5e+07 4.0e+07 5.0e+07 8.0e+07 1.0e+08 1.5e+08 2.5e+08
 91   273.04    3.8    6.7    8.5   10.5   15.2   20.2  1.0e+06 1.5e+06 2.5e+06 4.0e+06 5.0e+06 8.0e+06 1.0e+07 1.5e+07 2.5e+07 4.0e+07 5.0e+07 8.0e+07 1.0e+08 1.5e+08 2.5e+08
 92   274.51    3.8    6.7    8.5   10.5   15.2   20.2  1.0e+06 1.5e+06 2.5e+06 4.0e+06 5.0e+06 8.0e+06 1.0e+07 1.5e+07 2.5e+07 4.0e+07 5.0e+07 8.0e+07 1.0e+08 1.5e+08 2.5e+08
 93   275.96    3.8    6.7    8.5   10.4   15.2   20.2  1.0e+06 1.5e+06 2.5e+06 4.0e+06 5.0e+06 8.0e+06 1.0e+07 1.5e+07 2.5e+07 4.0e+07 5.0e+07 8.0e+07 1.0e+08 1.5e+08 2.5e+08
 94   277.41    3.8    6.7    8.5   10.4   15.2   20.2  1.0e+06 1.5e+06 2.5e+06 4.0e+06 5.0e+06 8.0e+06 1.0e+07 1.5e+07 2.5e+07 4.0e+07 5.0e+07 8.0e+07 1.0e+08 1.5e+08 2.5e+08
 95   278.85    3.8    6.6    8.5   10.4   15.2   20.2  1.0e+06 1.5e+06 2.5e+06 4.0e+06 5.0e+06 8.0e+06 1.0e+07 1.5e+07 2.5e+07 4.0e+07 5.0e+07 8.0e+07 1.0e+08 1.5e+08 2.5e+08
 96   280.29    3.7    6.6    8.5   10.4   15.2   20.2  1.0e+06 1.5e+06 2.5e+06 4.0e+06 5.0e+06 8.0e+06 1.0e+07 1.5e+07 2.5e+07 4.0e+07 5.0e+07 8.0e+07 1.0e+08 1.5e+08 2.5e+08
 97   281.75    3.7    6.6    8.5   10.4   15.2   20.2  1.0e+06 1.5e+06 2.5e+06 4.0e+06 5.0e+06 8.0e+06 1.0e+07 1.5e+07 2.5e+07 4.0e+07 5.0e+07 8.0e+07 1.0e+08 1.5e+08 2.5e+08
 98   283.19    3.7    6.6    8.5   10.4   15.2   20.2  1.0e+06 1.5e+06 2.5e+06 4.0e+06 5.0e+06 8.0e+06 1.0e+07 1.5e+07 2.5e+07 4.0e+07 5.0e+07 8.0e+07 1.0e+08 1.5e+08 2.5e+08
 99   284.63    3.7    6.6    8.5   10.4   15.2   20.2  1.0e+06 1.5e+06 2.5e+06 4.0e+06 5.0e+06 8.0e+06 1.0e+07 1.5e+07 2.5e+07 4.0e+07 5.0e+07 8.0e+07 1.0e+08 1.5e+08 2.5e+08
100   286.05    3.7    6.6    8.5   10.4   15.2   20.2  1.0e+06 1.5e+06 2.5e+06 4.0e+06 5.0e+06 8.0e+06 1.0e+07 1.5e+07 2.5e+07 4.0e+07 5.0e+07 8.0e+07 1.0e+08 1.5e+08 2.5e+08
101   287.50    3.7    6.6    8.5   10.4   15.2   20.2  1.0e+06 1.5e+06 2.5e+06 4.0e+06 5.0e+06 8.0e+06 1.0e+07 1.5e+07 2.5e+07 4.0e+07 5.0e+07 8.0e+07 1.0e+08 1.5e+08 2.5e+08
102   288.92    3.7    6.6    8.5   10.4   15.2   20.2  1.0e+06 1.5e+06 2.5e+06 4.0e+06 5.0e+06 8.0e+06 1.0e+07 1.5e+07 2.5e+07 4.0e+07 5.0e+07 8.0e+07 1.0e+08 1.5e+08 2.5e+08
103   290.33    3.6    6.6    8.5   10.4   15.2   20.2  1.0e+06 1.5e+06 2.5e+06 4.0e+06 5.0e+06 8.0e+06 1.0e+07 1.5e+07 2.5e+07 4.0e+07 5.0e+07 8.0e+07 1.0e+08 1.5e+08 2.5e+08
104   291.76    3.6    6.6    8.5   10.4   15.2   20.2  1.0e+06 1.5e+06 2.5e+06 4.0e+06 5.0e+06 8.0e+06 1.0e+07 1.5e+07 2.5e+07 4.0e+07 5.0e+07 8.0e+07 1.0e+08 1.5e+08 2.5e+08
105   293.16    3.6    6.6    8.5   10.4   15.2   20.2  1.0e+06 1.5e+06 2.5e+06 4.0e+06 5.0e+06 8.0e+06 1.0e+07 1.5e+07 2.5e+07 4.0e+07 5.0e+07 8.0e+07 1.0e+08 1.5e+08 2.5e+08
106   294.58    3.6    6.6    8.5   10.4   15.2   20.1  1.0e+06 1.5e+06 2.5e+06 4.0e+06 5.0e+06 8.0e+06 1.0e+07 1.5e+07 2.5e+07 4.0e+07 5.0e+07 8.0e+07 1.0e+08 1.5e+08 2.5e+08
107   295.97    3.6    6.6    8.5   10.4   15.2   20.1  1.0e+06 1.5e+06 2.5e+06 4.0e+06 5.0e+06 8.0e+06 1.0e+07 1.5e+07 2.5e+07 4.0e+07 5.0e+07 8.0e+07 1.0e+08 1.5e+08 2.5e+08
108   297.36    3.6    6.5    8.4   10.4   15.2   20.1  1.0e+06 1.5e+06 2.5e+06 4.0e+06 5.0e+06 8.0e+06 1.0e+07 1.5e+07 2.5e+07 4.0e+07 5.0e+07 8.0e+07 1.0e+08 1.5e+08 2.5e+08
109   298.76    3.6    6.5    8.4   10.4   15.2   20.1  1.0e+06 1.5e+06 2.5e+06 4.0e+06 5.0e+06 8.0e+06 1.0e+07 1.5e+07 2.5e+07 4.0e+07 5.0e+07 8.0e+07 1.0e+08 1.5e+08 2.5e+08
110   300.13    3.6    6.5    8.4   10.4   15.2   20.1  1.0e+06 1.5e+06 2.5e+06 4.0e+06 5.0e+06 8.0e+06 1.0e+07 1.5e+07 2.5e+07 4.0e+07 5.0e+07 8.0e+07 1.0e+08 1.5e+08 2.5e+08
111   301.55    3.5    6.5    8.4   10.4   15.2   20.1  1.0e+06 1.5e+06 2.5e+06 4.0e+06 5.0e+06 8.0e+06 1.0e+07 1.5e+07 2.5e+07 4.0e+07 5.0e+07 8.0e+07 1.0e+08 1.5e+08 2.5e+08
112   302.94    3.5    6.5    8.4   10.4   15.2   20.1  1.0e+06 1.5e+06 2.5e+06 4.0e+06 5.0e+06 8.0e+06 1.0e+07 1.5e+07 2.5e+07 4.0e+07 5.0e+07 8.0e+07 1.0e+08 1.5e+08 2.5e+08
113   304.31    3.5    6.5    8.4   10.4   15.2   20.1  1.0e+06 1.5e+06 2.5e+06 4.0e+06 5.0e+06 8.0e+06 1.0e+07 1.5e+07 2.5e+07 4.0e+07 5.0e+07 8.0e+07 1.0e+08 1.5e+08 2.5e+08
114   305.70    3.5    6.5    8.4   10.4   15.2   20.1  1.0e+06 1.5e+06 2.5e+06 4.0e+06 5.0e+06 8.0e+06 1.0e+07 1.5e+07 2.5e+07 4.0e+07 5.0e+07 8.0e+07 1.0e+08 1.5e+08 2.5e+08
115   307.09    3.5    6.5    8.4   10.4   15.2   20.1  1.0e+06 1.5e+06 2.5e+06 4.0e+06 5.0e+06 8.0e+06 1.0e+07 1.5e+07 2.5e+07 4.0e+07 5.0e+07 8.0e+07 1.0e+08 1.5e+08 2.5e+08
116   308.47    3.5    6.5    8.4   10.3   15.2   20.1  1.0e+06 1.5e+06 2.5e+06 4.0e+06 5.0e+06 8.0e+06 1.0e+07 1.5e+07 2.5e+07 4.0e+07 5.0e+07 8.0e+07 1.0e+08 1.5e+08 2.5e+08
117   309.75    3.5    6.5    8.4   10.3   15.2   20.1  1.0e+06 1.5e+06 2.5e+06 4.0e+06 5.0e+06 8.0e+06 1.0e+07 1.5e+07 2.5e+07 4.0e+07 5.0e+07 8.0e+07 1.0e+08 1.5e+08 2.5e+08
118   311.23    3.5    6.5    8.4   10.3   15.2   20.1  1.0e+06 1.5e+06 2.5e+06 4.0e+06 5.0e+06 8.0e+06 1.0e+07 1.5e+07 2.5e+07 4.0e+07 5.0e+07 8.0e+07 1.0e+08 1.5e+08 2.5e+08
119   312.60    3.4    6.5    8.4   10.3   15.2   20.1  1.0e+06 1.5e+06 2.5e+06 4.0e+06 5.0e+06 8.0e+06 1.0e+07 1.5e+07 2.5e+07 4.0e+07 5.0e+07 8.0e+07 1.0e+08 1.5e+08 2.5e+08
120   313.96    3.4    6.5    8.4   10.3   15.2   20.1  1.0e+06 1.5e+06 2.5e+06 4.0e+06 5.0e+06 8.0e+06 1.0e+07 1.5e+07 2.5e+07 4.0e+07 5.0e+07 8.0e+07 1.0e+08 1.5e+08 2.5e+08
121   315.32    3.4    6.5    8.4   10.3   15.2   20.1  1.0e+06 1.5e+06 2.5e+06 4.0e+06 5.0e+06 8.0e+06 1.0e+07 1.5e+07 2.5e+07 4.0e+07 5.0e+07 8.0e+07 1.0e+08 1.5e+08 2.5e+08
122   316.67    3.4    6.5    8.4   10.3   15.2   20.1  1.0e+06 1.5e+06 2.5e+06 4.0e+06 5.0e+06 8.0e+06 1.0e+07 1.5e+07 2.5e+07 4.0e+07 5.0e+07 8.0e+07 1.0e+08 1.5e+08 2.5e+08
123   318.04    3.4    6.5    8.4   10.3   15.1   20.1  1.0e+06 1.5e+06 2.5e+06 4.0e+06 5.0e+06 8.0e+06 1.0e+07 1.5e+07 2.5e+07 4.0e+07 5.0e+07 8.0e+07 1.0e+08 1.5e+08 2.5e+08
124   319.29    3.4    6.4    8.4   10.3   15.1   20.1  1.0e+06 1.5e+06 2.5e+06 4.0e+06 5.0e+06 8.0e+06 1.0e+07 1.5e+07 2.5e+07 4.0e+07 5.0e+07 8.0e+07 1.0e+08 1.5e+08 2.5e+08
125   320.63    3.4    6.4    8.4   10.3   15.1   20.1  1.0e+06 1.5e+06 2.5e+06 4.0e+06 5.0e+06 8.0e+06 1.0e+07 1.5e+07 2.5e+07 4.0e+07 5.0e+07 8.0e+07 1.0e+08 1.5e+08 2.5e+08
126   321.97    3.4    6.4    8.4   10.3   15.1   20.1  1.0e+06 1.5e+06 2.5e+06 4.0e+06 5.0e+06 8.0e+06 1.0e+07 1.5e+07 2.5e+07 4.0e+07 5.0e+07 8.0e+07 1.0e+08 1.5e+08 2.5e+08
127   323.30    3.4    6.4    8.4   10.3   15.1   20.1  1.0e+06 1.5e+06 2.5e+06 4.0e+06 5.0e+06 8.0e+06 1.0e+07 1.5e+07 2.5e+07 4.0e+07 5.0e+07 8.0e+07 1.0e+08 1.5e+08 2.5e+08
128   324.64    3.3    6.4    8.3   10.3   15.1   20.1  1.0e+06 1.5e+06 2.5e+06 4.0e+06 5.0e+06 8.0e+06 1.0e+07 1.5e+07 2.5e+07 4.0e+07 5.0e+07 8.0e+07 1.0e+08 1.5e+08 2.5e+08
129   325.98    3.3    6.4    8.3   10.3   15.1   20.1  1.0e+06 1.5e+06 2.5e+06 4.0e+06 5.0e+06 8.0e+06 1.0e+07 1.5e+07 2.5e+07 4.0e+07 5.0e+07 8.0e+07 1.0e+08 1.5e+08 2.5e+08
130   327.31    3.3    6.4    8.3   10.3   15.1   20.1  1.0e+06 1.5e+06 2.5e+06 4.0e+06 5.0e+06 8.0e+06 1.0e+07 1.5e+07 2.5e+07 4.0e+07 5.0e+07 8.0e+07 1.0e+08 1.5e+08 2.5e+08
131   328.61    3.3    6.4    8.3   10.3   15.1   20.1  1.0e+06 1.5e+06 2.5e+06 4.0e+06 5.0e+06 8.0e+06 1.0e+07 1.5e+07 2.5e+07 4.0e+07 5.0e+07 8.0e+07 1.0e+08 1.5e+08 2.5e+08
132   329.93    3.3    6.4    8.3   10.3   15.1   20.1  1.0e+06 1.5e+06 2.5e+06 4.0e+06 5.0e+06 8.0e+06 1.0e+07 1.5e+07 2.5e+07 4.0e+07 5.0e+07 8.0e+07 1.0e+08 1.5e+08 2.5e+08
133   331.25    3.3    6.4    8.3   10.3   15.1   20.1  1.0e+06 1.5e+06 2.5e+06 4.0e+06 5.0e+06 8.0e+06 1.0e+07 1.5e+07 2.5e+07 4.0e+07 5.0e+07 8.0e+07 1.0e+08 1.5e+08 2.5e+08
134   332.61    3.3    6.4    8.3   10.3   15.1   20.1  1.0e+06 1.5e+06 2.5e+06 4.0e+06 5.0e+06 8.0e+06 1.0e+07 1.5e+07 2.5e+07 4.0e+07 5.0e+07 8.0e+07 1.0e+08 1.5e+08 2.5e+08
135   333.91    3.3    6.4    8.3   10.3   15.1   20.1  1.0e+06 1.5e+06 2.5e+06 4.0e+06 5.0e+06 8.0e+06 1.0e+07 1.5e+07 2.5e+07 4.0e+07 5.0e+07 8.0e+07 1.0e+08 1.5e+08 2.5e+08
136   335.26    3.2    6.4    8.3   10.3   15.1   20.1  1.0e+06 1.5e+06 2.5e+06 4.0e+06 5.0e+06 8.0e+06 1.0e+07 1.5e+07 2.5e+07 4.0e+07 5.0e+07 8.0e+07 1.0e+08 1.5e+08 2.5e+08
137   336.58    3.2    6.4    8.3   10.3   15.1   20.1  1.0e+06 1.5e+06 2.5e+06 4.0e+06 5.0e+06 8.0e+06 1.0e+07 1.5e+07 2.5e+07 4.0e+07 5.0e+07 8.0e+07 1.0e+08 1.5e+08 2.5e+08
138   337.89    3.2    6.4    8.3   10.3   15.1   20.1  1.0e+06 1.5e+06 2.5e+06 4.0e+06 5.0e+06 8.0e+06 1.0e+07 1.5e+07 2.5e+07 4.0e+07 5.0e+07 8.0e+07 1.0e+08 1.5e+08 2.5e+08
139   339.22    3.2    6.4    8.3   10.3   15.1   20.1  1.0e+06 1.5e+06 2.5e+06 4.0e+06 5.0e+06 8.0e+06 1.0e+07 1.5e+07 2.5e+07 4.0e+07 5.0e+07 8.0e+07 1.0e+08 1.5e+08 2.5e+08
140   340.52    3.2    6.4    8.3   10.3   15.1   20.1  1.0e+06 1.5e+06 2.5e+06 4.0e+06 5.0e+06 8.0e+06 1.0e+07 1.5e+07 2.5e+07 4.0e+07 5.0e+07 8.0e+07 1.0e+08 1.5e+08 2.5e+08
141   341.84    3.2    6.3    8.3   10.3   15.1   20.1  1.0e+06 1.5e+06 2.5e+06 4.0e+06 5.0e+06 8.0e+06 1.0e+07 1.5e+07 2.5e+07 4.0e+07 5.0e+07 8.0e+07 1.0e+08 1.5e+08 2.5e+08
142   343.14    3.2    6.3    8.3   10.2   15.1   20.1  1.0e+06 1.5e+06 2.5e+06 4.0e+06 5.0e+06 8.0e+06 1.0e+07 1.5e+07 2.5e+07 4.0e+07 5.0e+07 8.0e+07 1.0e+08 1.5e+08 2.5e+08
143   344.44    3.2    6.3    8.3   10.2   15.1   20.1  1.0e+06 1.5e+06 2.5e+06 4.0e+06 5.0e+06 8.0e+06 1.0e+07 1.5e+07 2.5e+07 4.0e+07 5.0e+07 8.0e+07 1.0e+08 1.5e+08 2.5e+08
144   345.74    3.2    6.3    8.3   10.2   15.1   20.1  1.0e+06 1.5e+06 2.5e+06 4.0e+06 5.0e+06 8.0e+06 1.0e+07 1.5e+07 2.5e+07 4.0e+07 5.0e+07 8.0e+07 1.0e+08 1.5e+08 2.5e+08
145   347.03    3.1    6.3    8.3   10.2   15.1   20.1  1.0e+06 1.5e+06 2.5e+06 4.0e+06 5.0e+06 8.0e+06 1.0e+07 1.5e+07 2.5e+07 4.0e+07 5.0e+07 8.0e+07 1.0e+08 1.5e+08 2.5e+08
146   348.34    3.1    6.3    8.3   10.2   15.1   20.1  1.0e+06 1.5e+06 2.5e+06 4.0e+06 5.0e+06 8.0e+06 1.0e+07 1.5e+07 2.5e+07 4.0e+07 5.0e+07 8.0e+07 1.0e+08 1.5e+08 2.5e+08
147   349.64    3.1    6.3    8.3   10.2   15.1   20.1  1.0e+06 1.5e+06 2.5e+06 4.0e+06 5.0e+06 8.0e+06 1.0e+07 1.5e+07 2.5e+07 4.0e+07 5.0e+07 8.0e+07 1.0e+08 1.5e+08 2.5e+08
148   350.95    3.1    6.3    8.3   10.2   15.1   20.1  1.0e+06 1.5e+06 2.5e+06 4.0e+06 5.0e+06 8.0e+06 1.0e+07 1.5e+07 2.5e+07 4.0e+07 5.0e+07 8.0e+07 1.0e+08 1.5e+08 2.5e+08
149   352.26    3.1    6.3    8.3   10.2   15.1   20.1  1.0e+06 1.5e+06 2.5e+06 4.0e+06 5.0e+06 8.0e+06 1.0e+07 1.5e+07 2.5e+07 4.0e+07 5.0e+07 8.0e+07 1.0e+08 1.5e+08 2.5e+08
150   353.56    3.1    6.3    8.2   10.2   15.1   20.1  1.0e+06 1.5e+06 2.5e+06 4.0e+06 5.0e+06 8.0e+06 1.0e+07 1.5e+07 2.5e+07 4.0e+07 5.0e+07 8.0e+07 1.0e+08 1.5e+08 2.5e+08
151   354.88    3.1    6.3    8.2   10.2   15.1   20.1  1.0e+06 1.5e+06 2.5e+06 4.0e+06 5.0e+06 8.0e+06 1.0e+07 1.5e+07 2.5e+07 4.0e+07 5.0e+07 8.0e+07 1.0e+08 1.5e+08 2.5e+08
152   356.20    3.1    6.3    8.2   10.2   15.1   20.1  1.0e+06 1.5e+06 2.5e+06 4.0e+06 5.0e+06 8.0e+06 1.0e+07 1.5e+07 2.5e+07 4.0e+07 5.0e+07 8.0e+07 1.0e+08 1.5e+08 2.5e+08
153   357.49    3.1    6.3    8.2   10.2   15.1   20.1  1.0e+06 1.5e+06 2.5e+06 4.0e+06 5.0e+06 8.0e+06 1.0e+07 1.5e+07 2.5e+07 4.0e+07 5.0e+07 8.0e+07 1.0e+08 1.5e+08 2.5e+08
154   358.79    3.0    6.3    8.2   10.2   15.1   20.1  1.0e+06 1.5e+06 2.5e+06 4.0e+06 5.0e+06 8.0e+06 1.0e+07 1.5e+07 2.5e+07 4.0e+07 5.0e+07 8.0e+07 1.0e+08 1.5e+08 2.5e+08
155   360.11    3.0    6.3    8.2   10.2   15.1   20.1  1.0e+06 1.5e+06 2.5e+06 4.0e+06 5.0e+06 8.0e+06 1.0e+07 1.5e+07 2.5e+07 4.0e+07 5.0e+07 8.0e+07 1.0e+08 1.5e+08 2.5e+08
156   361.40    3.0    6.3    8.2   10.2   15.1   20.1  1.0e+06 1.5e+06 2.5e+06 4.0e+06 5.0e+06 8.0e+06 1.0e+07 1.5e+07 2.5e+07 4.0e+07 5.0e+07 8.0e+07 1.0e+08 1.5e+08 2.5e+08
157   362.68    3.0    6.3    8.2   10.2   15.1   20.1  1.0e+06 1.5e+06 2.5e+06 4.0e+06 5.0e+06 8.0e+06 1.0e+07 1.5e+07 2.5e+07 4.0e+07 5.0e+07 8.0e+07 1.0e+08 1.5e+08 2.5e+08
158   363.97    3.0    6.3    8.2   10.2   15.1   20.0  1.0e+06 1.5e+06 2.5e+06 4.0e+06 5.0e+06 8.0e+06 1.0e+07 1.5e+07 2.5e+07 4.0e+07 5.0e+07 8.0e+07 1.0e+08 1.5e+08 2.5e+08
159   365.37    3.0    6.2    8.2   10.2   15.1   20.0  1.0e+06 1.5e+06 2.5e+06 4.0e+06 5.0e+06 8.0e+06 1.0e+07 1.5e+07 2.5e+07 4.0e+07 5.0e+07 8.0e+07 1.0e+08 1.5e+08 2.5e+08
160   366.66    3.0    6.2    8.2   10.2   15.1   20.0  1.0e+06 1.5e+06 2.5e+06 4.0e+06 5.0e+06 8.0e+06 1.0e+07 1.5e+07 2.5e+07 4.0e+07 5.0e+07 8.0e+07 1.0e+08 1.5e+08 2.5e+08
161   367.94    3.0    6.2    8.2   10.2   15.1   20.0  1.0e+06 1.5e+06 2.5e+06 4.0e+06 5.0e+06 8.0e+06 1.0e+07 1.5e+07 2.5e+07 4.0e+07 5.0e+07 8.0e+07 1.0e+08 1.5e+08 2.5e+08
162   369.23    3.0    6.2    8.2   10.2   15.1   20.0  1.0e+06 1.5e+06 2.5e+06 4.0e+06 5.0e+06 8.0e+06 1.0e+07 1.5e+07 2.5e+07 4.0e+07 5.0e+07 8.0e+07 1.0e+08 1.5e+08 2.5e+08
163   370.53    2.9    6.2    8.2   10.2   15.1   20.0  1.0e+06 1.5e+06 2.5e+06 4.0e+06 5.0e+06 8.0e+06 1.0e+07 1.5e+07 2.5e+07 4.0e+07 5.0e+07 8.0e+07 1.0e+08 1.5e+08 2.5e+08
164   371.81    2.9    6.2    8.2   10.2   15.1   20.0  1.0e+06 1.5e+06 2.5e+06 4.0e+06 5.0e+06 8.0e+06 1.0e+07 1.5e+07 2.5e+07 4.0e+07 5.0e+07 8.0e+07 1.0e+08 1.5e+08 2.5e+08
165   373.11    2.9    6.2    8.2   10.2   15.0   20.0  1.0e+06 1.5e+06 2.5e+06 4.0e+06 5.0e+06 8.0e+06 1.0e+07 1.5e+07 2.5e+07 4.0e+07 5.0e+07 8.0e+07 1.0e+08 1.5e+08 2.5e+08
166   374.38    2.9    6.2    8.2   10.2   15.0   20.0  1.0e+06 1.5e+06 2.5e+06 4.0e+06 5.0e+06 8.0e+06 1.0e+07 1.5e+07 2.5e+07 4.0e+07 5.0e+07 8.0e+07 1.0e+08 1.5e+08 2.5e+08
167   375.69    2.9    6.2    8.2   10.2   15.0   20.0  1.0e+06 1.5e+06 2.5e+06 4.0e+06 5.0e+06 8.0e+06 1.0e+07 1.5e+07 2.5e+07 4.0e+07 5.0e+07 8.0e+07 1.0e+08 1.5e+08 2.5e+08
168   376.62    2.9    6.2    8.2   10.2   15.0   20.0  1.0e+06 1.5e+06 2.5e+06 4.0e+06 5.0e+06 8.0e+06 1.0e+07 1.5e+07 2.5e+07 4.0e+07 5.0e+07 8.0e+07 1.0e+08 1.5e+08 2.5e+08
169   377.90    2.9    6.2    8.2   10.2   15.0   20.0  1.0e+06 1.5e+06 2.5e+06 4.0e+06 5.0e+06 8.0e+06 1.0e+07 1.5e+07 2.5e+07 4.0e+07 5.0e+07 8.0e+07 1.0e+08 1.5e+08 2.5e+08
170   379.21    2.9    6.2    8.2   10.2   15.0   20.0  1.0e+06 1.5e+06 2.5e+06 4.0e+06 5.0e+06 8.0e+06 1.0e+07 1.5e+07 2.5e+07 4.0e+07 5.0e+07 8.0e+07 1.0e+08 1.5e+08 2.5e+08
171   380.48    2.9    6.2    8.2   10.2   15.0   20.0  1.0e+06 1.5e+06 2.5e+06 4.0e+06 5.0e+06 8.0e+06 1.0e+07 1.5e+07 2.5e+07 4.0e+07 5.0e+07 8.0e+07 1.0e+08 1.5e+08 2.5e+08
172   381.74    2.9    6.2    8.2   10.2   15.0   20.0  1.0e+06 1.5e+06 2.5e+06 4.0e+06 5.0e+06 8.0e+06 1.0e+07 1.5e+07 2.5e+07 4.0e+07 5.0e+07 8.0e+07 1.0e+08 1.5e+08 2.5e+08
173   383.01    2.8    6.2    8.2   10.2   15.0   20.0  1.0e+06 1.5e+06 2.5e+06 4.0e+06 5.0e+06 8.0e+06 1.0e+07 1.5e+07 2.5e+07 4.0e+07 5.0e+07 8.0e+07 1.0e+08 1.5e+08 2.5e+08
174   384.27    2.8    6.2    8.2   10.1   15.0   20.0  1.0e+06 1.5e+06 2.5e+06 4.0e+06 5.0e+06 8.0e+06 1.0e+07 1.5e+07 2.5e+07 4.0e+07 5.0e+07 8.0e+07 1.0e+08 1.5e+08 2.5e+08
175   385.54    2.8    6.2    8.2   10.1   15.0   20.0  1.0e+06 1.5e+06 2.5e+06 4.0e+06 5.0e+06 8.0e+06 1.0e+07 1.5e+07 2.5e+07 4.0e+07 5.0e+07 8.0e+07 1.0e+08 1.5e+08 2.5e+08
176   386.77    2.8    6.2    8.2   10.1   15.0   20.0  1.0e+06 1.5e+06 2.5e+06 4.0e+06 5.0e+06 8.0e+06 1.0e+07 1.5e+07 2.5e+07 4.0e+07 5.0e+07 8.0e+07 1.0e+08 1.5e+08 2.5e+08
177   388.04    2.8    6.2    8.1   10.1   15.0   20.0  1.0e+06 1.5e+06 2.5e+06 4.0e+06 5.0e+06 8.0e+06 1.0e+07 1.5e+07 2.5e+07 4.0e+07 5.0e+07 8.0e+07 1.0e+08 1.5e+08 2.5e+08
178   389.28    2.8    6.2    8.1   10.1   15.0   20.0  1.0e+06 1.5e+06 2.5e+06 4.0e+06 5.0e+06 8.0e+06 1.0e+07 1.5e+07 2.5e+07 4.0e+07 5.0e+07 8.0e+07 1.0e+08 1.5e+08 2.5e+08
179   390.56    2.8    6.2    8.1   10.1   15.0   20.0  1.0e+06 1.5e+06 2.5e+06 4.0e+06 5.0e+06 8.0e+06 1.0e+07 1.5e+07 2.5e+07 4.0e+07 5.0e+07 8.0e+07 1.0e+08 1.5e+08 2.5e+08
180   391.82    2.8    6.2    8.1   10.1   15.0   20.0  1.0e+06 1.5e+06 2.5e+06 4.0e+06 5.0e+06 8.0e+06 1.0e+07 1.5e+07 2.5e+07 4.0e+07 5.0e+07 8.0e+07 1.0e+08 1.5e+08 2.5e+08
181   393.09    2.8    6.1    8.1   10.1   15.0   20.0  1.0e+06 1.5e+06 2.5e+06 4.0e+06 5.0e+06 8.0e+06 1.0e+07 1.5e+07 2.5e+07 4.0e+07 5.0e+07 8.0e+07 1.0e+08 1.5e+08 2.5e+08
182   394.31    2.8    6.1    8.1   10.1   15.0   20.0  1.0e+06 1.5e+06 2.5e+06 4.0e+06 5.0e+06 8.0e+06 1.0e+07 1.5e+07 2.5e+07 4.0e+07 5.0e+07 8.0e+07 1.0e+08 1.5e+08 2.5e+08
183   396.17    2.8    6.1    8.1   10.1   15.0   20.0  1.0e+06 1.5e+06 2.5e+06 4.0e+06 5.0e+06 8.0e+06 1.0e+07 1.5e+07 2.5e+07 4.0e+07 5.0e+07 8.0e+07 1.0e+08 1.5e+08 2.5e+08
184   397.36    2.8    6.1    8.1   10.1   15.0   20.0  1.0e+06 1.5e+06 2.5e+06 4.0e+06 5.0e+06 8.0e+06 1.0e+07 1.5e+07 2.5e+07 4.0e+07 5.0e+07 8.0e+07 1.0e+08 1.5e+08 2.5e+08
185   398.58    2.7    6.1    8.1   10.1   15.0   20.0  1.0e+06 1.5e+06 2.5e+06 4.0e+06 5.0e+06 8.0e+06 1.0e+07 1.5e+07 2.5e+07 4.0e+07 5.0e+07 8.0e+07 1.0e+08 1.5e+08 2.5e+08
186   399.77    2.7    6.1    8.1   10.1   15.0   20.0  1.0e+06 1.5e+06 2.5e+06 4.0e+06 5.0e+06 8.0e+06 1.0e+07 1.5e+07 2.5e+07 4.0e+07 5.0e+07 8.0e+07 1.0e+08 1.5e+08 2.5e+08
187   400.95    2.7    6.1    8.1   10.1   15.0   20.0  1.0e+06 1.5e+06 2.5e+06 4.0e+06 5.0e+06 8.0e+06 1.0e+07 1.5e+07 2.5e+07 4.0e+07 5.0e+07 8.0e+07 1.0e+08 1.5e+08 2.5e+08
188   402.13    2.7    6.1    8.1   10.1   15.0   20.0  1.0e+06 1.5e+06 2.5e+06 4.0e+06 5.0e+06 8.0e+06 1.0e+07 1.5e+07 2.5e+07 4.0e+07 5.0e+07 8.0e+07 1.0e+08 1.5e+08 2.5e+08
189   403.31    2.7    6.1    8.1   10.1   15.0   20.0  1.0e+06 1.5e+06 2.5e+06 4.0e+06 5.0e+06 8.0e+06 1.0e+07 1.5e+07 2.5e+07 4.0e+07 5.0e+07 8.0e+07 1.0e+08 1.5e+08 2.5e+08
190   404.50    2.7    6.1    8.1   10.1   15.0   20.0  1.0e+06 1.5e+06 2.5e+06 4.0e+06 5.0e+06 8.0e+06 1.0e+07 1.5e+07 2.5e+07 4.0e+07 5.0e+07 8.0e+07 1.0e+08 1.5e+08 2.5e+08
191   405.65    2.7    6.1    8.1   10.1   15.0   20.0  1.0e+06 1.5e+06 2.5e+06 4.0e+06 5.0e+06 8.0e+06 1.0e+07 1.5e+07 2.5e+07 4.0e+07 5.0e+07 8.0e+07 1.0e+08 1.5e+08 2.5e+08
192   406.83    2.7    6.1    8.1   10.1   15.0   20.0  1.0e+06 1.5e+06 2.5e+06 4.0e+06 5.0e+06 8.0e+06 1.0e+07 1.5e+07 2.5e+07 4.0e+07 5.0e+07 8.0e+07 1.0e+08 1.5e+08 2.5e+08
193   408.92    2.7    6.1    8.1   10.1   15.0   20.0  1.0e+06 1.5e+06 2.5e+06 4.0e+06 5.0e+06 8.0e+06 1.0e+07 1.5e+07 2.5e+07 4.0e+07 5.0e+07 8.0e+07 1.0e+08 1.5e+08 2.5e+08
194   410.71    2.7    6.1    8.1   10.1   15.0   20.0  1.0e+06 1.5e+06 2.5e+06 4.0e+06 5.0e+06 8.0e+06 1.0e+07 1.5e+07 2.5e+07 4.0e+07 5.0e+07 8.0e+07 1.0e+08 1.5e+08 2.5e+08
195   412.52    2.7    6.1    8.1   10.1   15.0   20.0  1.0e+06 1.5e+06 2.5e+06 4.0e+06 5.0e+06 8.0e+06 1.0e+07 1.5e+07 2.5e+07 4.0e+07 5.0e+07 8.0e+07 1.0e+08 1.5e+08 2.5e+08
196   414.33    2.7    6.1    8.1   10.1   15.0   20.0  1.0e+06 1.5e+06 2.5e+06 4.0e+06 5.0e+06 8.0e+06 1.0e+07 1.5e+07 2.5e+07 4.0e+07 5.0e+07 8.0e+07 1.0e+08 1.5e+08 2.5e+08
197   416.11    2.7    6.1    8.1   10.1   15.0   20.0  1.0e+06 1.5e+06 2.5e+06 4.0e+06 5.0e+06 8.0e+06 1.0e+07 1.5e+07 2.5e+07 4.0e+07 5.0e+07 8.0e+07 1.0e+08 1.5e+08 2.5e+08
198   417.90    2.7    6.1    8.1   10.1   15.0   20.0  1.0e+06 1.5e+06 2.5e+06 4.0e+06 5.0e+06 8.0e+06 1.0e+07 1.5e+07 2.5e+07 4.0e+07 5.0e+07 8.0e+07 1.0e+08 1.5e+08 2.5e+08
199   419.68    2.7    6.1    8.1   10.1   15.0   20.0  1.0e+06 1.5e+06 2.5e+06 4.0e+06 5.0e+06 8.0e+06 1.0e+07 1.5e+07 2.5e+07 4.0e+07 5.0e+07 8.0e+07 1.0e+08 1.5e+08 2.5e+08
200   421.47    2.7    6.1    8.1   10.1   15.0   20.0  1.0e+06 1.5e+06 2.5e+06 4.0e+06 5.0e+06 8.0e+06 1.0e+07 1.5e+07 2.5e+07 4.0e+07 5.0e+07 8.0e+07 1.0e+08 1.5e+08 2.5e+08
201   423.23    2.7    6.1    8.1   10.1   15.0   20.0  1.0e+06 1.5e+06 2.5e+06 4.0e+06 5.0e+06 8.0e+06 1.0e+07 1.5e+07 2.5e+07 4.0e+07 5.0e+07 8.0e+07 1.0e+08 1.5e+08 2.5e+08
202   425.02    2.7    6.1    8.1   10.1   15.0   20.0  1.0e+06 1.5e+06 2.5e+06 4.0e+06 5.0e+06 8.0e+06 1.0e+07 1.5e+07 2.5e+07 4.0e+07 5.0e+07 8.0e+07 1.0e+08 1.5e+08 2.5e+08
203   426.78    2.7    6.1    8.1   10.1   15.0   20.0  1.0e+06 1.5e+06 2.5e+06 4.0e+06 5.0e+06 8.0e+06 1.0e+07 1.5e+07 2.5e+07 4.0e+07 5.0e+07 8.0e+07 1.0e+08 1.5e+08 2.5e+08
204   428.55    2.7    6.1    8.1   10.1   15.0   20.0  1.0e+06 1.5e+06 2.5e+06 4.0e+06 5.0e+06 8.0e+06 1.0e+07 1.5e+07 2.5e+07 4.0e+07 5.0e+07 8.0e+07 1.0e+08 1.5e+08 2.5e+08
205   430.32    2.7    6.1    8.1   10.1   15.0   20.0  1.0e+06 1.5e+06 2.5e+06 4.0e+06 5.0e+06 8.0e+06 1.0e+07 1.5e+07 2.5e+07 4.0e+07 5.0e+07 8.0e+07 1.0e+08 1.5e+08 2.5e+08
206   432.09    2.7    6.1    8.1   10.1   15.0   20.0  1.0e+06 1.5e+06 2.5e+06 4.0e+06 5.0e+06 8.0e+06 1.0e+07 1.5e+07 2.5e+07 4.0e+07 5.0e+07 8.0e+07 1.0e+08 1.5e+08 2.5e+08
207   433.83    2.7    6.1    8.1   10.1   15.0   20.0  1.0e+06 1.5e+06 2.5e+06 4.0e+06 5.0e+06 8.0e+06 1.0e+07 1.5e+07 2.5e+07 4.0e+07 5.0e+07 8.0e+07 1.0e+08 1.5e+08 2.5e+08
208   435.57    2.7    6.1    8.1   10.1   15.0   20.0  1.0e+06 1.5e+06 2.5e+06 4.0e+06 5.0e+06 8.0e+06 1.0e+07 1.5e+07 2.5e+07 4.0e+07 5.0e+07 8.0e+07 1.0e+08 1.5e+08 2.5e+08
209   437.34    2.7    6.1    8.1   10.1   15.0   20.0  1.0e+06 1.5e+06 2.5e+06 4.0e+06 5.0e+06 8.0e+06 1.0e+07 1.5e+07 2.5e+07 4.0e+07 5.0e+07 8.0e+07 1.0e+08 1.5e+08 2.5e+08
210   439.08    2.7    6.1    8.1   10.1   15.0   20.0  1.0e+06 1.5e+06 2.5e+06 4.0e+06 5.0e+06 8.0e+06 1.0e+07 1.5e+07 2.5e+07 4.0e+07 5.0e+07 8.0e+07 1.0e+08 1.5e+08 2.5e+08
211   440.82    2.7    6.1    8.1   10.1   15.0   20.0  1.0e+06 1.5e+06 2.5e+06 4.0e+06 5.0e+06 8.0e+06 1.0e+07 1.5e+07 2.5e+07 4.0e+07 5.0e+07 8.0e+07 1.0e+08 1.5e+08 2.5e+08
212   442.58    2.7    6.1    8.1   10.1   15.0   20.0  1.0e+06 1.5e+06 2.5e+06 4.0e+06 5.0e+06 8.0e+06 1.0e+07 1.5e+07 2.5e+07 4.0e+07 5.0e+07 8.0e+07 1.0e+08 1.5e+08 2.5e+08
213   444.32    2.7    6.1    8.1   10.1   15.0   20.0  1.0e+06 1.5e+06 2.5e+06 4.0e+06 5.0e+06 8.0e+06 1.0e+07 1.5e+07 2.5e+07 4.0e+07 5.0e+07 8.0e+07 1.0e+08 1.5e+08 2.5e+08
214   446.08    2.7    6.1    8.1   10.1   15.0   20.0  1.0e+06 1.5e+06 2.5e+06 4.0e+06 5.0e+06 8.0e+06 1.0e+07 1.5e+07 2.5e+07 4.0e+07 5.0e+07 8.0e+07 1.0e+08 1.5e+08 2.5e+08
215   447.80    2.7    6.1    8.1   10.1   15.0   20.0  1.0e+06 1.5e+06 2.5e+06 4.0e+06 5.0e+06 8.0e+06 1.0e+07 1.5e+07 2.5e+07 4.0e+07 5.0e+07 8.0e+07 1.0e+08 1.5e+08 2.5e+08
216   449.56    2.7    6.1    8.1   10.1   15.0   20.0  1.0e+06 1.5e+06 2.5e+06 4.0e+06 5.0e+06 8.0e+06 1.0e+07 1.5e+07 2.5e+07 4.0e+07 5.0e+07 8.0e+07 1.0e+08 1.5e+08 2.5e+08
217   451.26    2.7    6.1    8.1   10.1   15.0   20.0  1.0e+06 1.5e+06 2.5e+06 4.0e+06 5.0e+06 8.0e+06 1.0e+07 1.5e+07 2.5e+07 4.0e+07 5.0e+07 8.0e+07 1.0e+08 1.5e+08 2.5e+08
218   452.99    2.7    6.1    8.1   10.1   15.0   20.0  1.0e+06 1.5e+06 2.5e+06 4.0e+06 5.0e+06 8.0e+06 1.0e+07 1.5e+07 2.5e+07 4.0e+07 5.0e+07 8.0e+07 1.0e+08 1.5e+08 2.5e+08
219   454.69    2.7    6.1    8.1   10.1   15.0   20.0  1.0e+06 1.5e+06 2.5e+06 4.0e+06 5.0e+06 8.0e+06 1.0e+07 1.5e+07 2.5e+07 4.0e+07 5.0e+07 8.0e+07 1.0e+08 1.5e+08 2.5e+08
220   456.38    2.7    6.1    8.1   10.1   15.0   20.0  1.0e+06 1.5e+06 2.5e+06 4.0e+06 5.0e+06 8.0e+06 1.0e+07 1.5e+07 2.5e+07 4.0e+07 5.0e+07 8.0e+07 1.0e+08 1.5e+08 2.5e+08
221   458.11    2.7    6.1    8.1   10.1   15.0   20.0  1.0e+06 1.5e+06 2.5e+06 4.0e+06 5.0e+06 8.0e+06 1.0e+07 1.5e+07 2.5e+07 4.0e+07 5.0e+07 8.0e+07 1.0e+08 1.5e+08 2.5e+08
222   459.81    2.7    6.1    8.1   10.1   15.0   20.0  1.0e+06 1.5e+06 2.5e+06 4.0e+06 5.0e+06 8.0e+06 1.0e+07 1.5e+07 2.5e+07 4.0e+07 5.0e+07 8.0e+07 1.0e+08 1.5e+08 2.5e+08
223   461.49    2.7    6.1    8.1   10.1   15.0   20.0  1.0e+06 1.5e+06 2.5e+06 4.0e+06 5.0e+06 8.0e+06 1.0e+07 1.5e+07 2.5e+07 4.0e+07 5.0e+07 8.0e+07 1.0e+08 1.5e+08 2.5e+08
224   463.19    2.7    6.1    8.1   10.1   15.0   20.0  1.0e+06 1.5e+06 2.5e+06 4.0e+06 5.0e+06 8.0e+06 1.0e+07 1.5e+07 2.5e+07 4.0e+07 5.0e+07 8.0e+07 1.0e+08 1.5e+08 2.5e+08
225   464.90    2.7    6.1    8.1   10.1   15.0   20.0  1.0e+06 1.5e+06 2.5e+06 4.0e+06 5.0e+06 8.0e+06 1.0e+07 1.5e+07 2.5e+07 4.0e+07 5.0e+07 8.0e+07 1.0e+08 1.5e+08 2.5e+08
226   466.58    2.7    6.1    8.1   10.1   15.0   20.0  1.0e+06 1.5e+06 2.5e+06 4.0e+06 5.0e+06 8.0e+06 1.0e+07 1.5e+07 2.5e+07 4.0e+07 5.0e+07 8.0e+07 1.0e+08 1.5e+08 2.5e+08
227   468.25    2.7    6.1    8.1   10.1   15.0   20.0  1.0e+06 1.5e+06 2.5e+06 4.0e+06 5.0e+06 8.0e+06 1.0e+07 1.5e+07 2.5e+07 4.0e+07 5.0e+07 8.0e+07 1.0e+08 1.5e+08 2.5e+08
228   469.94    2.7    6.1    8.1   10.1   15.0   20.0  1.0e+06 1.5e+06 2.5e+06 4.0e+06 5.0e+06 8.0e+06 1.0e+07 1.5e+07 2.5e+07 4.0e+07 5.0e+07 8.0e+07 1.0e+08 1.5e+08 2.5e+08
229   471.63    2.7    6.1    8.1   10.1   15.0   20.0  1.0e+06 1.5e+06 2.5e+06 4.0e+06 5.0e+06 8.0e+06 1.0e+07 1.5e+07 2.5e+07 4.0e+07 5.0e+07 8.0e+07 1.0e+08 1.5e+08 2.5e+08
230   473.32    2.7    6.1    8.1   10.1   15.0   20.0  1.0e+06 1.5e+06 2.5e+06 4.0e+06 5.0e+06 8.0e+06 1.0e+07 1.5e+07 2.5e+07 4.0e+07 5.0e+07 8.0e+07 1.0e+08 1.5e+08 2.5e+08
231   475.28    2.7    6.1    8.1   10.1   15.0   20.0  1.0e+06 1.5e+06 2.5e+06 4.0e+06 5.0e+06 8.0e+06 1.0e+07 1.5e+07 2.5e+07 4.0e+07 5.0e+07 8.0e+07 1.0e+08 1.5e+08 2.5e+08
232   476.97    2.7    6.1    8.1   10.1   15.0   20.0  1.0e+06 1.5e+06 2.5e+06 4.0e+06 5.0e+06 8.0e+06 1.0e+07 1.5e+07 2.5e+07 4.0e+07 5.0e+07 8.0e+07 1.0e+08 1.5e+08 2.5e+08
233   478.63    2.7    6.1    8.1   10.1   15.0   20.0  1.0e+06 1.5e+06 2.5e+06 4.0e+06 5.0e+06 8.0e+06 1.0e+07 1.5e+07 2.5e+07 4.0e+07 5.0e+07 8.0e+07 1.0e+08 1.5e+08 2.5e+08
234   480.31    2.7    6.1    8.1   10.1   15.0   20.0  1.0e+06 1.5e+06 2.5e+06 4.0e+06 5.0e+06 8.0e+06 1.0e+07 1.5e+07 2.5e+07 4.0e+07 5.0e+07 8.0e+07 1.0e+08 1.5e+08 2.5e+08
235   481.97    2.7    6.1    8.1   10.1   15.0   20.0  1.0e+06 1.5e+06 2.5e+06 4.0e+06 5.0e+06 8.0e+06 1.0e+07 1.5e+07 2.5e+07 4.0e+07 5.0e+07 8.0e+07 1.0e+08 1.5e+08 2.5e+08
236   483.64    2.7    6.1    8.1   10.1   15.0   20.0  1.0e+06 1.5e+06 2.5e+06 4.0e+06 5.0e+06 8.0e+06 1.0e+07 1.5e+07 2.5e+07 4.0e+07 5.0e+07 8.0e+07 1.0e+08 1.5e+08 2.5e+08
237   485.31    2.7    6.1    8.1   10.1   15.0   20.0  1.0e+06 1.5e+06 2.5e+06 4.0e+06 5.0e+06 8.0e+06 1.0e+07 1.5e+07 2.5e+07 4.0e+07 5.0e+07 8.0e+07 1.0e+08 1.5e+08 2.5e+08
238   486.98    2.7    6.1    8.1   10.1   15.0   20.0  1.0e+06 1.5e+06 2.5e+06 4.0e+06 5.0e+06 8.0e+06 1.0e+07 1.5e+07 2.5e+07 4.0e+07 5.0e+07 8.0e+07 1.0e+08 1.5e+08 2.5e+08
239   488.62    2.7    6.1    8.1   10.1   15.0   20.0  1.0e+06 1.5e+06 2.5e+06 4.0e+06 5.0e+06 8.0e+06 1.0e+07 1.5e+07 2.5e+07 4.0e+07 5.0e+07 8.0e+07 1.0e+08 1.5e+08 2.5e+08
240   490.29    2.7    6.1    8.1   10.1   15.0   20.0  1.0e+06 1.5e+06 2.5e+06 4.0e+06 5.0e+06 8.0e+06 1.0e+07 1.5e+07 2.5e+07 4.0e+07 5.0e+07 8.0e+07 1.0e+08 1.5e+08 2.5e+08
241   491.93    2.7    6.1    8.1   10.1   15.0   20.0  1.0e+06 1.5e+06 2.5e+06 4.0e+06 5.0e+06 8.0e+06 1.0e+07 1.5e+07 2.5e+07 4.0e+07 5.0e+07 8.0e+07 1.0e+08 1.5e+08 2.5e+08
242   493.63    2.7    6.1    8.1   10.1   15.0   20.0  1.0e+06 1.5e+06 2.5e+06 4.0e+06 5.0e+06 8.0e+06 1.0e+07 1.5e+07 2.5e+07 4.0e+07 5.0e+07 8.0e+07 1.0e+08 1.5e+08 2.5e+08
243   495.29    2.7    6.1    8.1   10.1   15.0   20.0  1.0e+06 1.5e+06 2.5e+06 4.0e+06 5.0e+06 8.0e+06 1.0e+07 1.5e+07 2.5e+07 4.0e+07 5.0e+07 8.0e+07 1.0e+08 1.5e+08 2.5e+08
244   496.93    2.7    6.1    8.1   10.1   15.0   20.0  1.0e+06 1.5e+06 2.5e+06 4.0e+06 5.0e+06 8.0e+06 1.0e+07 1.5e+07 2.5e+07 4.0e+07 5.0e+07 8.0e+07 1.0e+08 1.5e+08 2.5e+08
245   498.60    2.7    6.1    8.1   10.1   15.0   20.0  1.0e+06 1.5e+06 2.5e+06 4.0e+06 5.0e+06 8.0e+06 1.0e+07 1.5e+07 2.5e+07 4.0e+07 5.0e+07 8.0e+07 1.0e+08 1.5e+08 2.5e+08
246   500.24    2.7    6.1    8.1   10.1   15.0   20.0  1.0e+06 1.5e+06 2.5e+06 4.0e+06 5.0e+06 8.0e+06 1.0e+07 1.5e+07 2.5e+07 4.0e+07 5.0e+07 8.0e+07 1.0e+08 1.5e+08 2.5e+08
247   501.90    2.7    6.1    8.1   10.1   15.0   20.0  1.0e+06 1.5e+06 2.5e+06 4.0e+06 5.0e+06 8.0e+06 1.0e+07 1.5e+07 2.5e+07 4.0e+07 5.0e+07 8.0e+07 1.0e+08 1.5e+08 2.5e+08
248   503.51    2.7    6.1    8.1   10.1   15.0   20.0  1.0e+06 1.5e+06 2.5e+06 4.0e+06 5.0e+06 8.0e+06 1.0e+07 1.5e+07 2.5e+07 4.0e+07 5.0e+07 8.0e+07 1.0e+08 1.5e+08 2.5e+08
249   505.14    2.7    6.1    8.1   10.1   15.0   20.0  1.0e+06 1.5e+06 2.5e+06 4.0e+06 5.0e+06 8.0e+06 1.0e+07 1.5e+07 2.5e+07 4.0e+07 5.0e+07 8.0e+07 1.0e+08 1.5e+08 2.5e+08
250   506.76    2.7    6.1    8.1   10.1   15.0   20.0  1.0e+06 1.5e+06 2.5e+06 4.0e+06 5.0e+06 8.0e+06 1.0e+07 1.5e+07 2.5e+07 4.0e+07 5.0e+07 8.0e+07 1.0e+08 1.5e+08 2.5e+08
251   508.38    2.7    6.1    8.1   10.1   15.0   20.0  1.0e+06 1.5e+06 2.5e+06 4.0e+06 5.0e+06 8.0e+06 1.0e+07 1.5e+07 2.5e+07 4.0e+07 5.0e+07 8.0e+07 1.0e+08 1.5e+08 2.5e+08
252   510.00    2.7    6.1    8.1   10.1   15.0   20.0  1.0e+06 1.5e+06 2.5e+06 4.0e+06 5.0e+06 8.0e+06 1.0e+07 1.5e+07 2.5e+07 4.0e+07 5.0e+07 8.0e+07 1.0e+08 1.5e+08 2.5e+08
253   511.63    2.7    6.1    8.1   10.1   15.0   20.0  1.0e+06 1.5e+06 2.5e+06 4.0e+06 5.0e+06 8.0e+06 1.0e+07 1.5e+07 2.5e+07 4.0e+07 5.0e+07 8.0e+07 1.0e+08 1.5e+08 2.5e+08
254   513.22    2.7    6.1    8.1   10.1   15.0   20.0  1.0e+06 1.5e+06 2.5e+06 4.0e+06 5.0e+06 8.0e+06 1.0e+07 1.5e+07 2.5e+07 4.0e+07 5.0e+07 8.0e+07 1.0e+08 1.5e+08 2.5e+08
255   514.82    2.7    6.1    8.1   10.1   15.0   20.0  1.0e+06 1.5e+06 2.5e+06 4.0e+06 5.0e+06 8.0e+06 1.0e+07 1.5e+07 2.5e+07 4.0e+07 5.0e+07 8.0e+07 1.0e+08 1.5e+08 2.5e+08
