# E# E (MeV/u), F# 1-6 (mm FWHM) I# 1-15 (Ions/s) for a total of  255 12C Energies ----- LIBC Version 1.3 C12 V8
  1  88.83 9.8 10.7 12.1 13.4 15.0 20.0 2.0e+06 3.0e+06 5.0e+06 8.0e+06 1.0e+07 1.5e+07 2.0e+07 3.0e+07 5.0e+07 8.0e+07 1.0e+08 1.5e+08 2.0e+08 3.0e+08 5.0e+08
  2  91.14 9.6 10.6 11.9 13.3 15.0 20.0 2.0e+06 3.0e+06 5.0e+06 8.0e+06 1.0e+07 1.5e+07 2.0e+07 3.0e+07 5.0e+07 8.0e+07 1.0e+08 1.5e+08 2.0e+08 3.0e+08 5.0e+08
  3  93.42 9.5 10.4 11.8 13.2 15.0 20.0 2.0e+06 3.0e+06 5.0e+06 8.0e+06 1.0e+07 1.5e+07 2.0e+07 3.0e+07 5.0e+07 8.0e+07 1.0e+08 1.5e+08 2.0e+08 3.3e+08 5.0e+08
  4  95.67 9.3 10.3 11.7 13.1 15.0 20.0 2.0e+06 3.0e+06 5.0e+06 8.0e+06 1.0e+07 1.5e+07 2.0e+07 3.0e+07 5.0e+07 8.0e+07 1.0e+08 1.5e+08 2.0e+08 3.3e+08 5.0e+08
  5  97.88 9.2 10.1 11.6 13.0 15.0 20.0 2.0e+06 3.0e+06 5.0e+06 8.0e+06 1.0e+07 1.5e+07 2.0e+07 3.0e+07 5.0e+07 8.0e+07 1.0e+08 1.5e+08 2.0e+08 3.3e+08 5.0e+08
  6 100.07 9.0 10.0 11.5 12.9 15.0 20.0 2.0e+06 3.0e+06 5.0e+06 8.0e+06 1.0e+07 1.5e+07 2.0e+07 3.0e+07 5.0e+07 8.0e+07 1.0e+08 1.5e+08 2.0e+08 3.3e+08 5.0e+08
  7 102.22 8.9  9.9 11.4 12.8 15.0 20.0 2.0e+06 3.0e+06 5.0e+06 8.0e+06 1.0e+07 1.5e+07 2.0e+07 3.0e+07 5.0e+07 8.0e+07 1.0e+08 1.5e+08 2.0e+08 3.3e+08 5.0e+08
  8 104.35 8.8  9.8 11.3 12.7 15.0 20.0 2.0e+06 3.0e+06 5.0e+06 8.0e+06 1.0e+07 1.5e+07 2.0e+07 3.0e+07 5.0e+07 8.0e+07 1.0e+08 1.5e+08 2.0e+08 3.3e+08 5.0e+08
  9 106.45 8.6  9.7 11.2 12.6 15.0 20.0 2.0e+06 3.0e+06 5.0e+06 8.0e+06 1.0e+07 1.5e+07 2.0e+07 3.0e+07 5.0e+07 8.0e+07 1.0e+08 1.5e+08 2.0e+08 3.3e+08 5.0e+08
 10 108.53 8.5  9.5 11.1 12.5 15.0 20.0 2.0e+06 3.0e+06 5.0e+06 8.0e+06 1.0e+07 1.5e+07 2.0e+07 3.0e+07 5.0e+07 8.0e+07 1.0e+08 1.5e+08 2.0e+08 3.3e+08 5.0e+08
 11 110.58 8.4  9.4 11.0 12.4 15.0 20.0 2.0e+06 3.0e+06 5.0e+06 8.0e+06 1.0e+07 1.5e+07 2.0e+07 3.0e+07 5.0e+07 8.0e+07 1.0e+08 1.5e+08 2.0e+08 3.3e+08 5.0e+08
 12 112.60 8.3  9.3 10.9 12.3 15.0 20.0 2.0e+06 3.0e+06 5.0e+06 8.0e+06 1.0e+07 1.5e+07 2.0e+07 3.0e+07 5.0e+07 8.0e+07 1.0e+08 1.5e+08 2.0e+08 3.3e+08 5.0e+08
 13 114.60 8.2  9.2 10.8 12.3 15.0 20.0 2.0e+06 3.0e+06 5.0e+06 8.0e+06 1.0e+07 1.5e+07 2.0e+07 3.0e+07 5.0e+07 8.0e+07 1.0e+08 1.5e+08 2.0e+08 3.3e+08 5.0e+08
 14 116.57 8.1  9.1 10.7 12.2 15.0 20.0 2.0e+06 3.0e+06 5.0e+06 8.0e+06 1.0e+07 1.5e+07 2.0e+07 3.0e+07 5.0e+07 8.0e+07 1.0e+08 1.5e+08 2.0e+08 3.3e+08 5.0e+08
 15 118.52 8.0  9.1 10.6 12.1 15.0 20.0 2.0e+06 3.0e+06 5.0e+06 8.0e+06 1.0e+07 1.5e+07 2.0e+07 3.0e+07 5.0e+07 8.0e+07 1.0e+08 1.5e+08 2.0e+08 3.3e+08 5.0e+08
 16 120.45 7.9  9.0 10.6 12.1 15.0 20.0 2.0e+06 3.0e+06 5.0e+06 8.0e+06 1.0e+07 1.5e+07 2.0e+07 3.0e+07 5.0e+07 8.0e+07 1.0e+08 1.5e+08 2.0e+08 3.3e+08 5.0e+08
 17 122.36 7.8  8.9 10.5 12.0 15.0 20.0 2.0e+06 3.0e+06 5.0e+06 8.0e+06 1.0e+07 1.5e+07 2.0e+07 3.0e+07 5.0e+07 8.0e+07 1.0e+08 1.5e+08 2.0e+08 3.3e+08 5.0e+08
 18 124.25 7.7  8.8 10.4 11.9 15.0 20.0 2.0e+06 3.0e+06 5.0e+06 8.0e+06 1.0e+07 1.5e+07 2.0e+07 3.0e+07 5.0e+07 8.0e+07 1.0e+08 1.5e+08 2.0e+08 3.3e+08 5.0e+08
 19 126.11 7.6  8.7 10.4 11.9 15.0 20.0 2.0e+06 3.0e+06 5.0e+06 8.0e+06 1.0e+07 1.5e+07 2.0e+07 3.0e+07 5.0e+07 8.0e+07 1.0e+08 1.5e+08 2.0e+08 3.3e+08 5.0e+08
 20 127.96 7.5  8.6 10.3 11.8 15.0 20.0 2.0e+06 3.0e+06 5.0e+06 8.0e+06 1.0e+07 1.5e+07 2.0e+07 3.0e+07 5.0e+07 8.0e+07 1.0e+08 1.5e+08 2.0e+08 3.3e+08 5.0e+08
 21 129.79 7.4  8.6 10.2 11.8 15.0 20.0 2.0e+06 3.0e+06 5.0e+06 8.0e+06 1.0e+07 1.5e+07 2.0e+07 3.0e+07 5.0e+07 8.0e+07 1.0e+08 1.5e+08 2.0e+08 3.3e+08 5.0e+08
 22 131.60 7.3  8.5 10.2 11.7 15.0 20.0 2.0e+06 3.0e+06 5.0e+06 8.0e+06 1.0e+07 1.5e+07 2.0e+07 3.0e+07 5.0e+07 8.0e+07 1.0e+08 1.5e+08 2.0e+08 3.3e+08 5.0e+08
 23 133.39 7.2  8.4 10.1 11.7 15.0 20.0 2.0e+06 3.0e+06 5.0e+06 8.0e+06 1.0e+07 1.5e+07 2.0e+07 3.0e+07 5.0e+07 8.0e+07 1.0e+08 1.5e+08 2.0e+08 3.3e+08 5.0e+08
 24 135.16 7.1  8.4 10.0 11.6 15.0 20.0 2.0e+06 3.0e+06 5.0e+06 8.0e+06 1.0e+07 1.5e+07 2.0e+07 3.0e+07 5.0e+07 8.0e+07 1.0e+08 1.5e+08 2.0e+08 3.3e+08 5.0e+08
 25 136.92 7.1  8.3 10.0 11.6 15.0 20.0 2.0e+06 3.0e+06 5.0e+06 8.0e+06 1.0e+07 1.5e+07 2.0e+07 3.0e+07 5.0e+07 8.0e+07 1.0e+08 1.5e+08 2.0e+08 3.3e+08 5.0e+08
 26 138.66 7.0  8.2  9.9 11.5 15.0 20.0 2.0e+06 3.0e+06 5.0e+06 8.0e+06 1.0e+07 1.5e+07 2.0e+07 3.0e+07 5.0e+07 8.0e+07 1.0e+08 1.5e+08 2.0e+08 3.3e+08 5.0e+08
 27 140.38 6.9  8.2  9.9 11.5 15.0 20.0 2.0e+06 3.0e+06 5.0e+06 8.0e+06 1.0e+07 1.5e+07 2.0e+07 3.0e+07 5.0e+07 8.0e+07 1.0e+08 1.5e+08 2.0e+08 3.3e+08 5.0e+08
 28 142.09 6.8  8.1  9.8 11.4 15.0 20.0 2.0e+06 3.0e+06 5.0e+06 8.0e+06 1.0e+07 1.5e+07 2.0e+07 3.0e+07 5.0e+07 8.0e+07 1.0e+08 1.5e+08 2.0e+08 3.3e+08 5.0e+08
 29 143.79 6.8  8.0  9.8 11.4 15.0 20.0 2.0e+06 3.0e+06 5.0e+06 8.0e+06 1.0e+07 1.5e+07 2.0e+07 3.0e+07 5.0e+07 8.0e+07 1.0e+08 1.5e+08 2.0e+08 3.3e+08 5.0e+08
 30 145.47 6.7  8.0  9.7 11.4 15.0 20.0 2.0e+06 3.0e+06 5.0e+06 8.0e+06 1.0e+07 1.5e+07 2.0e+07 3.0e+07 5.0e+07 8.0e+07 1.0e+08 1.5e+08 2.0e+08 3.3e+08 5.0e+08
 31 147.13 6.6  7.9  9.7 11.3 15.0 20.0 2.0e+06 3.0e+06 5.0e+06 8.0e+06 1.0e+07 1.5e+07 2.0e+07 3.0e+07 5.0e+07 8.0e+07 1.0e+08 1.5e+08 2.0e+08 3.3e+08 5.0e+08
 32 148.78 6.6  7.9  9.7 11.3 15.0 20.0 2.0e+06 3.0e+06 5.0e+06 8.0e+06 1.0e+07 1.5e+07 2.0e+07 3.0e+07 5.0e+07 8.0e+07 1.0e+08 1.5e+08 2.0e+08 3.3e+08 5.0e+08
 33 150.42 6.5  7.8  9.6 11.2 15.0 20.0 2.0e+06 3.0e+06 5.0e+06 8.0e+06 1.0e+07 1.5e+07 2.0e+07 3.0e+07 5.0e+07 8.0e+07 1.0e+08 1.5e+08 2.0e+08 3.3e+08 5.0e+08
 34 152.05 6.5  7.8  9.6 11.2 15.0 20.0 2.0e+06 3.0e+06 5.0e+06 8.0e+06 1.0e+07 1.5e+07 2.0e+07 3.0e+07 5.0e+07 8.0e+07 1.0e+08 1.5e+08 2.0e+08 3.3e+08 5.0e+08
 35 153.66 6.4  7.7  9.5 11.2 15.0 20.0 2.0e+06 3.0e+06 5.0e+06 8.0e+06 1.0e+07 1.5e+07 2.0e+07 3.0e+07 5.0e+07 8.0e+07 1.0e+08 1.5e+08 2.0e+08 3.3e+08 5.0e+08
 36 155.26 6.3  7.7  9.5 11.1 15.0 20.0 2.0e+06 3.0e+06 5.0e+06 8.0e+06 1.0e+07 1.5e+07 2.0e+07 3.0e+07 5.0e+07 8.0e+07 1.0e+08 1.5e+08 2.0e+08 3.3e+08 5.0e+08
 37 156.85 6.3  7.6  9.5 11.1 15.0 20.0 2.0e+06 3.0e+06 5.0e+06 8.0e+06 1.0e+07 1.5e+07 2.0e+07 3.0e+07 5.0e+07 8.0e+07 1.0e+08 1.5e+08 2.0e+08 3.3e+08 5.0e+08
 38 158.43 6.2  7.6  9.4 11.1 15.0 20.0 2.0e+06 3.0e+06 5.0e+06 8.0e+06 1.0e+07 1.5e+07 2.0e+07 3.0e+07 5.0e+07 8.0e+07 1.0e+08 1.5e+08 2.0e+08 3.3e+08 5.0e+08
 39 159.99 6.2  7.5  9.4 11.1 15.0 20.0 2.0e+06 3.0e+06 5.0e+06 8.0e+06 1.0e+07 1.5e+07 2.0e+07 3.0e+07 5.0e+07 8.0e+07 1.0e+08 1.5e+08 2.0e+08 3.3e+08 5.0e+08
 40 161.55 6.1  7.5  9.4 11.0 15.0 20.0 2.0e+06 3.0e+06 5.0e+06 8.0e+06 1.0e+07 1.5e+07 2.0e+07 3.0e+07 5.0e+07 8.0e+07 1.0e+08 1.5e+08 2.0e+08 3.3e+08 5.0e+08
 41 163.09 6.1  7.5  9.3 11.0 15.0 20.0 2.0e+06 3.0e+06 5.0e+06 8.0e+06 1.0e+07 1.5e+07 2.0e+07 3.0e+07 5.0e+07 8.0e+07 1.0e+08 1.5e+08 2.0e+08 3.3e+08 5.0e+08
 42 164.63 6.0  7.4  9.3 11.0 15.0 20.0 2.0e+06 3.0e+06 5.0e+06 8.0e+06 1.0e+07 1.5e+07 2.0e+07 3.0e+07 5.0e+07 8.0e+07 1.0e+08 1.5e+08 2.0e+08 3.3e+08 5.0e+08
 43 166.15 6.0  7.4  9.3 10.9 15.0 20.0 2.0e+06 3.0e+06 5.0e+06 8.0e+06 1.0e+07 1.5e+07 2.0e+07 3.0e+07 5.0e+07 8.0e+07 1.0e+08 1.5e+08 2.0e+08 3.3e+08 5.0e+08
 44 167.66 5.9  7.3  9.2 10.9 15.0 20.0 2.0e+06 3.0e+06 5.0e+06 8.0e+06 1.0e+07 1.5e+07 2.0e+07 3.0e+07 5.0e+07 8.0e+07 1.0e+08 1.5e+08 2.0e+08 3.3e+08 5.0e+08
 45 169.17 5.9  7.3  9.2 10.9 15.0 20.0 2.0e+06 3.0e+06 5.0e+06 8.0e+06 1.0e+07 1.5e+07 2.0e+07 3.0e+07 5.0e+07 8.0e+07 1.0e+08 1.5e+08 2.0e+08 3.3e+08 5.0e+08
 46 170.66 5.8  7.3  9.2 10.9 15.0 20.0 2.0e+06 3.0e+06 5.0e+06 8.0e+06 1.0e+07 1.5e+07 2.0e+07 3.0e+07 5.0e+07 8.0e+07 1.0e+08 1.5e+08 2.0e+08 3.3e+08 5.0e+08
 47 172.15 5.8  7.2  9.1 10.8 15.0 20.0 2.0e+06 3.0e+06 5.0e+06 8.0e+06 1.0e+07 1.5e+07 2.0e+07 3.0e+07 5.0e+07 8.0e+07 1.0e+08 1.5e+08 2.0e+08 3.3e+08 5.0e+08
 48 173.63 5.7  7.2  9.1 10.8 15.0 20.0 2.0e+06 3.0e+06 5.0e+06 8.0e+06 1.0e+07 1.5e+07 2.0e+07 3.0e+07 5.0e+07 8.0e+07 1.0e+08 1.5e+08 2.0e+08 3.3e+08 5.0e+08
 49 175.10 5.7  7.2  9.1 10.8 15.0 20.0 2.0e+06 3.0e+06 5.0e+06 8.0e+06 1.0e+07 1.5e+07 2.0e+07 3.0e+07 5.0e+07 8.0e+07 1.0e+08 1.5e+08 2.0e+08 3.3e+08 5.0e+08
 50 176.56 5.7  7.1  9.1 10.8 15.0 20.0 2.0e+06 3.0e+06 5.0e+06 8.0e+06 1.0e+07 1.5e+07 2.0e+07 3.0e+07 5.0e+07 8.0e+07 1.0e+08 1.5e+08 2.0e+08 3.3e+08 5.0e+08
 51 178.01 5.6  7.1  9.0 10.8 15.0 20.0 2.0e+06 3.0e+06 5.0e+06 8.0e+06 1.0e+07 1.5e+07 2.0e+07 3.0e+07 5.0e+07 8.0e+07 1.0e+08 1.5e+08 2.0e+08 3.3e+08 5.0e+08
 52 179.46 5.6  7.1  9.0 10.7 15.0 20.0 2.0e+06 3.0e+06 5.0e+06 8.0e+06 1.0e+07 1.5e+07 2.0e+07 3.0e+07 5.0e+07 8.0e+07 1.0e+08 1.5e+08 2.0e+08 3.3e+08 5.0e+08
 53 180.89 5.5  7.0  9.0 10.7 15.0 20.0 2.0e+06 3.0e+06 5.0e+06 8.0e+06 1.0e+07 1.5e+07 2.0e+07 3.0e+07 5.0e+07 8.0e+07 1.0e+08 1.5e+08 2.0e+08 3.3e+08 5.0e+08
 54 182.32 5.5  7.0  9.0 10.7 15.0 20.0 2.0e+06 3.0e+06 5.0e+06 8.0e+06 1.0e+07 1.5e+07 2.0e+07 3.0e+07 5.0e+07 8.0e+07 1.0e+08 1.5e+08 2.0e+08 3.3e+08 5.0e+08
 55 183.74 5.5  7.0  8.9 10.7 15.0 20.0 2.0e+06 3.0e+06 5.0e+06 8.0e+06 1.0e+07 1.5e+07 2.0e+07 3.0e+07 5.0e+07 8.0e+07 1.0e+08 1.5e+08 2.0e+08 3.3e+08 5.0e+08
 56 185.16 5.4  7.0  8.9 10.7 15.0 20.0 2.0e+06 3.0e+06 5.0e+06 8.0e+06 1.0e+07 1.5e+07 2.0e+07 3.0e+07 5.0e+07 8.0e+07 1.0e+08 1.5e+08 2.0e+08 3.3e+08 5.0e+08
 57 186.57 5.4  6.9  8.9 10.6 15.0 20.0 2.0e+06 3.0e+06 5.0e+06 8.0e+06 1.0e+07 1.5e+07 2.0e+07 3.0e+07 5.0e+07 8.0e+07 1.0e+08 1.5e+08 2.0e+08 3.3e+08 5.0e+08
 58 187.97 5.4  6.9  8.9 10.6 15.0 20.0 2.0e+06 3.0e+06 5.0e+06 8.0e+06 1.0e+07 1.5e+07 2.0e+07 3.0e+07 5.0e+07 8.0e+07 1.0e+08 1.5e+08 2.0e+08 3.3e+08 5.0e+08
 59 189.36 5.3  6.9  8.9 10.6 15.0 20.0 2.0e+06 3.0e+06 5.0e+06 8.0e+06 1.0e+07 1.5e+07 2.0e+07 3.0e+07 5.0e+07 8.0e+07 1.0e+08 1.5e+08 2.0e+08 3.3e+08 5.0e+08
 60 190.75 5.3  6.8  8.8 10.6 15.0 20.0 2.0e+06 3.0e+06 5.0e+06 8.0e+06 1.0e+07 1.5e+07 2.0e+07 3.0e+07 5.0e+07 8.0e+07 1.0e+08 1.5e+08 2.0e+08 3.3e+08 5.0e+08
 61 192.13 5.3  6.8  8.8 10.6 15.0 20.0 2.0e+06 3.0e+06 5.0e+06 8.0e+06 1.0e+07 1.5e+07 2.0e+07 3.0e+07 5.0e+07 8.0e+07 1.0e+08 1.5e+08 2.0e+08 3.3e+08 5.0e+08
 62 193.50 5.2  6.8  8.8 10.6 15.0 20.0 2.0e+06 3.0e+06 5.0e+06 8.0e+06 1.0e+07 1.5e+07 2.0e+07 3.0e+07 5.0e+07 8.0e+07 1.0e+08 1.5e+08 2.0e+08 3.3e+08 5.0e+08
 63 194.87 5.2  6.8  8.8 10.5 15.0 20.0 2.0e+06 3.0e+06 5.0e+06 8.0e+06 1.0e+07 1.5e+07 2.0e+07 3.0e+07 5.0e+07 8.0e+07 1.0e+08 1.5e+08 2.0e+08 3.3e+08 5.0e+08
 64 196.23 5.2  6.8  8.8 10.5 15.0 20.0 2.0e+06 3.0e+06 5.0e+06 8.0e+06 1.0e+07 1.5e+07 2.0e+07 3.0e+07 5.0e+07 8.0e+07 1.0e+08 1.5e+08 2.0e+08 3.3e+08 5.0e+08
 65 197.58 5.2  6.7  8.7 10.5 15.0 20.0 2.0e+06 3.0e+06 5.0e+06 8.0e+06 1.0e+07 1.5e+07 2.0e+07 3.0e+07 5.0e+07 8.0e+07 1.0e+08 1.5e+08 2.0e+08 3.3e+08 5.0e+08
 66 198.93 5.1  6.7  8.7 10.5 15.0 20.0 2.0e+06 3.0e+06 5.0e+06 8.0e+06 1.0e+07 1.5e+07 2.0e+07 3.0e+07 5.0e+07 8.0e+07 1.0e+08 1.5e+08 2.0e+08 3.3e+08 5.0e+08
 67 200.28 5.1  6.7  8.7 10.5 15.0 20.0 2.0e+06 3.0e+06 5.0e+06 8.0e+06 1.0e+07 1.5e+07 2.0e+07 3.0e+07 5.0e+07 8.0e+07 1.0e+08 1.5e+08 2.0e+08 3.3e+08 5.0e+08
 68 201.62 5.1  6.7  8.7 10.5 15.0 20.0 2.0e+06 3.0e+06 5.0e+06 8.0e+06 1.0e+07 1.5e+07 2.0e+07 3.0e+07 5.0e+07 8.0e+07 1.0e+08 1.5e+08 2.0e+08 3.3e+08 5.0e+08
 69 202.95 5.0  6.6  8.7 10.5 15.0 20.0 2.0e+06 3.0e+06 5.0e+06 8.0e+06 1.0e+07 1.5e+07 2.0e+07 3.0e+07 5.0e+07 8.0e+07 1.0e+08 1.5e+08 2.0e+08 3.3e+08 5.0e+08
 70 204.27 5.0  6.6  8.7 10.4 15.0 20.0 2.0e+06 3.0e+06 5.0e+06 8.0e+06 1.0e+07 1.5e+07 2.0e+07 3.0e+07 5.0e+07 8.0e+07 1.0e+08 1.5e+08 2.0e+08 3.3e+08 5.0e+08
 71 205.60 5.0  6.6  8.7 10.4 15.0 20.0 2.0e+06 3.0e+06 5.0e+06 8.0e+06 1.0e+07 1.5e+07 2.0e+07 3.0e+07 5.0e+07 8.0e+07 1.0e+08 1.5e+08 2.0e+08 3.3e+08 5.0e+08
 72 206.91 5.0  6.6  8.6 10.4 15.0 20.0 2.0e+06 3.0e+06 5.0e+06 8.0e+06 1.0e+07 1.5e+07 2.0e+07 3.0e+07 5.0e+07 8.0e+07 1.0e+08 1.5e+08 2.0e+08 3.3e+08 5.0e+08
 73 208.22 4.9  6.6  8.6 10.4 15.0 20.0 2.0e+06 3.0e+06 5.0e+06 8.0e+06 1.0e+07 1.5e+07 2.0e+07 3.0e+07 5.0e+07 8.0e+07 1.0e+08 1.5e+08 2.0e+08 3.3e+08 5.0e+08
 74 209.53 4.9  6.5  8.6 10.4 15.0 20.0 2.0e+06 3.0e+06 5.0e+06 8.0e+06 1.0e+07 1.5e+07 2.0e+07 3.0e+07 5.0e+07 8.0e+07 1.0e+08 1.5e+08 2.0e+08 3.3e+08 5.0e+08
 75 210.83 4.9  6.5  8.6 10.4 15.0 20.0 2.0e+06 3.0e+06 5.0e+06 8.0e+06 1.0e+07 1.5e+07 2.0e+07 3.0e+07 5.0e+07 8.0e+07 1.0e+08 1.5e+08 2.0e+08 3.3e+08 5.0e+08
 76 212.12 4.9  6.5  8.6 10.4 15.0 20.0 2.0e+06 3.0e+06 5.0e+06 8.0e+06 1.0e+07 1.5e+07 2.0e+07 3.0e+07 5.0e+07 8.0e+07 1.0e+08 1.5e+08 2.0e+08 3.3e+08 5.0e+08
 77 213.41 4.8  6.5  8.6 10.4 15.0 20.0 2.0e+06 3.0e+06 5.0e+06 8.0e+06 1.0e+07 1.5e+07 2.0e+07 3.0e+07 5.0e+07 8.0e+07 1.0e+08 1.5e+08 2.0e+08 3.3e+08 5.0e+08
 78 214.70 4.8  6.5  8.6 10.4 15.0 20.0 2.0e+06 3.0e+06 5.0e+06 8.0e+06 1.0e+07 1.5e+07 2.0e+07 3.0e+07 5.0e+07 8.0e+07 1.0e+08 1.5e+08 2.0e+08 3.3e+08 5.0e+08
 79 215.98 4.8  6.5  8.5 10.3 15.0 20.0 2.0e+06 3.0e+06 5.0e+06 8.0e+06 1.0e+07 1.5e+07 2.0e+07 3.0e+07 5.0e+07 8.0e+07 1.0e+08 1.5e+08 2.0e+08 3.3e+08 5.0e+08
 80 217.25 4.8  6.4  8.5 10.3 15.0 20.0 2.0e+06 3.0e+06 5.0e+06 8.0e+06 1.0e+07 1.5e+07 2.0e+07 3.0e+07 5.0e+07 8.0e+07 1.0e+08 1.5e+08 2.0e+08 3.3e+08 5.0e+08
 81 218.52 4.8  6.4  8.5 10.3 15.0 20.0 2.0e+06 3.0e+06 5.0e+06 8.0e+06 1.0e+07 1.5e+07 2.0e+07 3.0e+07 5.0e+07 8.0e+07 1.0e+08 1.5e+08 2.0e+08 3.3e+08 5.0e+08
 82 219.79 4.7  6.4  8.5 10.3 15.0 20.0 2.0e+06 3.0e+06 5.0e+06 8.0e+06 1.0e+07 1.5e+07 2.0e+07 3.0e+07 5.0e+07 8.0e+07 1.0e+08 1.5e+08 2.0e+08 3.3e+08 5.0e+08
 83 221.05 4.7  6.4  8.5 10.3 15.0 20.0 2.0e+06 3.0e+06 5.0e+06 8.0e+06 1.0e+07 1.5e+07 2.0e+07 3.0e+07 5.0e+07 8.0e+07 1.0e+08 1.5e+08 2.0e+08 3.3e+08 5.0e+08
 84 222.31 4.7  6.4  8.5 10.3 15.0 20.0 2.0e+06 3.0e+06 5.0e+06 8.0e+06 1.0e+07 1.5e+07 2.0e+07 3.0e+07 5.0e+07 8.0e+07 1.0e+08 1.5e+08 2.0e+08 3.3e+08 5.0e+08
 85 223.56 4.7  6.4  8.5 10.3 15.0 20.0 2.0e+06 3.0e+06 5.0e+06 8.0e+06 1.0e+07 1.5e+07 2.0e+07 3.0e+07 5.0e+07 8.0e+07 1.0e+08 1.5e+08 2.0e+08 3.3e+08 5.0e+08
 86 224.81 4.7  6.4  8.5 10.3 15.0 20.0 2.0e+06 3.0e+06 5.0e+06 8.0e+06 1.0e+07 1.5e+07 2.0e+07 3.0e+07 5.0e+07 8.0e+07 1.0e+08 1.5e+08 2.0e+08 3.3e+08 5.0e+08
 87 226.05 4.6  6.3  8.5 10.3 15.0 20.0 2.0e+06 3.0e+06 5.0e+06 8.0e+06 1.0e+07 1.5e+07 2.0e+07 3.0e+07 5.0e+07 8.0e+07 1.0e+08 1.5e+08 2.0e+08 3.3e+08 5.0e+08
 88 227.29 4.6  6.3  8.4 10.3 15.0 20.0 2.0e+06 3.0e+06 5.0e+06 8.0e+06 1.0e+07 1.5e+07 2.0e+07 3.0e+07 5.0e+07 8.0e+07 1.0e+08 1.5e+08 2.0e+08 3.3e+08 5.0e+08
 89 228.53 4.6  6.3  8.4 10.3 15.0 20.0 2.0e+06 3.0e+06 5.0e+06 8.0e+06 1.0e+07 1.5e+07 2.0e+07 3.0e+07 5.0e+07 8.0e+07 1.0e+08 1.5e+08 2.0e+08 3.3e+08 5.0e+08
 90 229.76 4.6  6.3  8.4 10.2 15.0 20.0 2.0e+06 3.0e+06 5.0e+06 8.0e+06 1.0e+07 1.5e+07 2.0e+07 3.0e+07 5.0e+07 8.0e+07 1.0e+08 1.5e+08 2.0e+08 3.3e+08 5.0e+08
 91 230.98 4.6  6.3  8.4 10.2 15.0 20.0 2.0e+06 3.0e+06 5.0e+06 8.0e+06 1.0e+07 1.5e+07 2.0e+07 3.0e+07 5.0e+07 8.0e+07 1.0e+08 1.5e+08 2.0e+08 3.3e+08 5.0e+08
 92 232.20 4.5  6.3  8.4 10.2 15.0 20.0 2.0e+06 3.0e+06 5.0e+06 8.0e+06 1.0e+07 1.5e+07 2.0e+07 3.0e+07 5.0e+07 8.0e+07 1.0e+08 1.5e+08 2.0e+08 3.3e+08 5.0e+08
 93 233.42 4.5  6.3  8.4 10.2 15.0 20.0 2.0e+06 3.0e+06 5.0e+06 8.0e+06 1.0e+07 1.5e+07 2.0e+07 3.0e+07 5.0e+07 8.0e+07 1.0e+08 1.5e+08 2.0e+08 3.3e+08 5.0e+08
 94 234.64 4.5  6.3  8.4 10.2 15.0 20.0 2.0e+06 3.0e+06 5.0e+06 8.0e+06 1.0e+07 1.5e+07 2.0e+07 3.0e+07 5.0e+07 8.0e+07 1.0e+08 1.5e+08 2.0e+08 3.3e+08 5.0e+08
 95 235.85 4.5  6.2  8.4 10.2 15.0 20.0 2.0e+06 3.0e+06 5.0e+06 8.0e+06 1.0e+07 1.5e+07 2.0e+07 3.0e+07 5.0e+07 8.0e+07 1.0e+08 1.5e+08 2.0e+08 3.3e+08 5.0e+08
 96 237.05 4.5  6.2  8.4 10.2 15.0 20.0 2.0e+06 3.0e+06 5.0e+06 8.0e+06 1.0e+07 1.5e+07 2.0e+07 3.0e+07 5.0e+07 8.0e+07 1.0e+08 1.5e+08 2.0e+08 3.3e+08 5.0e+08
 97 238.26 4.5  6.2  8.4 10.2 15.0 20.0 2.0e+06 3.0e+06 5.0e+06 8.0e+06 1.0e+07 1.5e+07 2.0e+07 3.0e+07 5.0e+07 8.0e+07 1.0e+08 1.5e+08 2.0e+08 3.3e+08 5.0e+08
 98 239.45 4.5  6.2  8.4 10.2 15.0 20.0 2.0e+06 3.0e+06 5.0e+06 8.0e+06 1.0e+07 1.5e+07 2.0e+07 3.0e+07 5.0e+07 8.0e+07 1.0e+08 1.5e+08 2.0e+08 3.3e+08 5.0e+08
 99 240.65 4.4  6.2  8.3 10.2 15.0 20.0 2.0e+06 3.0e+06 5.0e+06 8.0e+06 1.0e+07 1.5e+07 2.0e+07 3.0e+07 5.0e+07 8.0e+07 1.0e+08 1.5e+08 2.0e+08 3.3e+08 5.0e+08
100 241.84 4.4  6.2  8.3 10.2 15.0 20.0 2.0e+06 3.0e+06 5.0e+06 8.0e+06 1.0e+07 1.5e+07 2.0e+07 3.0e+07 5.0e+07 8.0e+07 1.0e+08 1.5e+08 2.0e+08 3.3e+08 5.0e+08
101 243.03 4.4  6.2  8.3 10.2 15.0 20.0 2.0e+06 3.0e+06 5.0e+06 8.0e+06 1.0e+07 1.5e+07 2.0e+07 3.0e+07 5.0e+07 8.0e+07 1.0e+08 1.5e+08 2.0e+08 3.3e+08 5.0e+08
102 244.21 4.4  6.2  8.3 10.2 15.0 20.0 2.0e+06 3.0e+06 5.0e+06 8.0e+06 1.0e+07 1.5e+07 2.0e+07 3.0e+07 5.0e+07 8.0e+07 1.0e+08 1.5e+08 2.0e+08 3.3e+08 5.0e+08
103 245.39 4.4  6.2  8.3 10.2 15.0 20.0 2.0e+06 3.0e+06 5.0e+06 8.0e+06 1.0e+07 1.5e+07 2.0e+07 3.0e+07 5.0e+07 8.0e+07 1.0e+08 1.5e+08 2.0e+08 3.3e+08 5.0e+08
104 246.57 4.4  6.1  8.3 10.2 15.0 20.0 2.0e+06 3.0e+06 5.0e+06 8.0e+06 1.0e+07 1.5e+07 2.0e+07 3.0e+07 5.0e+07 8.0e+07 1.0e+08 1.5e+08 2.0e+08 3.3e+08 5.0e+08
105 247.74 4.4  6.1  8.3 10.1 15.0 20.0 2.0e+06 3.0e+06 5.0e+06 8.0e+06 1.0e+07 1.5e+07 2.0e+07 3.0e+07 5.0e+07 8.0e+07 1.0e+08 1.5e+08 2.0e+08 3.3e+08 5.0e+08
106 248.91 4.3  6.1  8.3 10.1 15.0 20.0 2.0e+06 3.0e+06 5.0e+06 8.0e+06 1.0e+07 1.5e+07 2.0e+07 3.0e+07 5.0e+07 8.0e+07 1.0e+08 1.5e+08 2.0e+08 3.3e+08 5.0e+08
107 250.08 4.3  6.1  8.3 10.1 15.0 20.0 2.0e+06 3.0e+06 5.0e+06 8.0e+06 1.0e+07 1.5e+07 2.0e+07 3.0e+07 5.0e+07 8.0e+07 1.0e+08 1.5e+08 2.0e+08 3.3e+08 5.0e+08
108 251.24 4.3  6.1  8.3 10.1 15.0 20.0 2.0e+06 3.0e+06 5.0e+06 8.0e+06 1.0e+07 1.5e+07 2.0e+07 3.0e+07 5.0e+07 8.0e+07 1.0e+08 1.5e+08 2.0e+08 3.3e+08 5.0e+08
109 252.40 4.3  6.1  8.3 10.1 15.0 20.0 2.0e+06 3.0e+06 5.0e+06 8.0e+06 1.0e+07 1.5e+07 2.0e+07 3.0e+07 5.0e+07 8.0e+07 1.0e+08 1.5e+08 2.0e+08 3.3e+08 5.0e+08
110 253.55 4.3  6.1  8.3 10.1 15.0 20.0 2.0e+06 3.0e+06 5.0e+06 8.0e+06 1.0e+07 1.5e+07 2.0e+07 3.0e+07 5.0e+07 8.0e+07 1.0e+08 1.5e+08 2.0e+08 3.3e+08 5.0e+08
111 254.71 4.3  6.1  8.3 10.1 15.0 20.0 2.0e+06 3.0e+06 5.0e+06 8.0e+06 1.0e+07 1.5e+07 2.0e+07 3.0e+07 5.0e+07 8.0e+07 1.0e+08 1.5e+08 2.0e+08 3.3e+08 5.0e+08
112 255.86 4.3  6.1  8.3 10.1 15.0 20.0 2.0e+06 3.0e+06 5.0e+06 8.0e+06 1.0e+07 1.5e+07 2.0e+07 3.0e+07 5.0e+07 8.0e+07 1.0e+08 1.5e+08 2.0e+08 3.3e+08 5.0e+08
113 257.00 4.3  6.1  8.3 10.1 15.0 20.0 2.0e+06 3.0e+06 5.0e+06 8.0e+06 1.0e+07 1.5e+07 2.0e+07 3.0e+07 5.0e+07 8.0e+07 1.0e+08 1.5e+08 2.0e+08 3.3e+08 5.0e+08
114 258.15 4.2  6.1  8.2 10.1 15.0 20.0 2.0e+06 3.0e+06 5.0e+06 8.0e+06 1.0e+07 1.5e+07 2.0e+07 3.0e+07 5.0e+07 8.0e+07 1.0e+08 1.5e+08 2.0e+08 3.3e+08 5.0e+08
115 259.29 4.2  6.1  8.2 10.1 15.0 20.0 2.0e+06 3.0e+06 5.0e+06 8.0e+06 1.0e+07 1.5e+07 2.0e+07 3.0e+07 5.0e+07 8.0e+07 1.0e+08 1.5e+08 2.0e+08 3.3e+08 5.0e+08
116 260.43 4.2  6.0  8.2 10.1 15.0 20.0 2.0e+06 3.0e+06 5.0e+06 8.0e+06 1.0e+07 1.5e+07 2.0e+07 3.0e+07 5.0e+07 8.0e+07 1.0e+08 1.5e+08 2.0e+08 3.3e+08 5.0e+08
117 261.56 4.2  6.0  8.2 10.1 15.0 20.0 2.0e+06 3.0e+06 5.0e+06 8.0e+06 1.0e+07 1.5e+07 2.0e+07 3.0e+07 5.0e+07 8.0e+07 1.0e+08 1.5e+08 2.0e+08 3.3e+08 5.0e+08
118 262.70 4.2  6.0  8.2 10.1 15.0 20.0 2.0e+06 3.0e+06 5.0e+06 8.0e+06 1.0e+07 1.5e+07 2.0e+07 3.0e+07 5.0e+07 8.0e+07 1.0e+08 1.5e+08 2.0e+08 3.3e+08 5.0e+08
119 263.83 4.2  6.0  8.2 10.1 15.0 20.0 2.0e+06 3.0e+06 5.0e+06 8.0e+06 1.0e+07 1.5e+07 2.0e+07 3.0e+07 5.0e+07 8.0e+07 1.0e+08 1.5e+08 2.0e+08 3.3e+08 5.0e+08
120 264.95 4.2  6.0  8.2 10.1 15.0 20.0 2.0e+06 3.0e+06 5.0e+06 8.0e+06 1.0e+07 1.5e+07 2.0e+07 3.0e+07 5.0e+07 8.0e+07 1.0e+08 1.5e+08 2.0e+08 3.3e+08 5.0e+08
121 266.08 4.2  6.0  8.2 10.1 15.0 20.0 2.0e+06 3.0e+06 5.0e+06 8.0e+06 1.0e+07 1.5e+07 2.0e+07 3.0e+07 5.0e+07 8.0e+07 1.0e+08 1.5e+08 2.0e+08 3.3e+08 5.0e+08
122 267.20 4.2  6.0  8.2 10.1 15.0 20.0 2.0e+06 3.0e+06 5.0e+06 8.0e+06 1.0e+07 1.5e+07 2.0e+07 3.0e+07 5.0e+07 8.0e+07 1.0e+08 1.5e+08 2.0e+08 3.3e+08 5.0e+08
123 268.32 4.1  6.0  8.2 10.1 15.0 20.0 2.0e+06 3.0e+06 5.0e+06 8.0e+06 1.0e+07 1.5e+07 2.0e+07 3.0e+07 5.0e+07 8.0e+07 1.0e+08 1.5e+08 2.0e+08 3.3e+08 5.0e+08
124 269.43 4.1  6.0  8.2 10.1 15.0 20.0 2.0e+06 3.0e+06 5.0e+06 8.0e+06 1.0e+07 1.5e+07 2.0e+07 3.0e+07 5.0e+07 8.0e+07 1.0e+08 1.5e+08 2.0e+08 3.3e+08 5.0e+08
125 270.55 4.1  6.0  8.2 10.1 15.0 20.0 2.0e+06 3.0e+06 5.0e+06 8.0e+06 1.0e+07 1.5e+07 2.0e+07 3.0e+07 5.0e+07 8.0e+07 1.0e+08 1.5e+08 2.0e+08 3.3e+08 5.0e+08
126 271.66 4.1  6.0  8.2 10.0 15.0 20.0 2.0e+06 3.0e+06 5.0e+06 8.0e+06 1.0e+07 1.5e+07 2.0e+07 3.0e+07 5.0e+07 8.0e+07 1.0e+08 1.5e+08 2.0e+08 3.3e+08 5.0e+08
127 272.77 4.1  6.0  8.2 10.0 15.0 20.0 2.0e+06 3.0e+06 5.0e+06 8.0e+06 1.0e+07 1.5e+07 2.0e+07 3.0e+07 5.0e+07 8.0e+07 1.0e+08 1.5e+08 2.0e+08 3.3e+08 5.0e+08
128 273.88 4.1  6.0  8.2 10.0 15.0 20.0 2.0e+06 3.0e+06 5.0e+06 8.0e+06 1.0e+07 1.5e+07 2.0e+07 3.0e+07 5.0e+07 8.0e+07 1.0e+08 1.5e+08 2.0e+08 3.3e+08 5.0e+08
129 274.98 4.1  6.0  8.2 10.0 15.0 20.0 2.0e+06 3.0e+06 5.0e+06 8.0e+06 1.0e+07 1.5e+07 2.0e+07 3.0e+07 5.0e+07 8.0e+07 1.0e+08 1.5e+08 2.0e+08 3.3e+08 5.0e+08
130 276.09 4.1  5.9  8.2 10.0 15.0 20.0 2.0e+06 3.0e+06 5.0e+06 8.0e+06 1.0e+07 1.5e+07 2.0e+07 3.0e+07 5.0e+07 8.0e+07 1.0e+08 1.5e+08 2.0e+08 3.3e+08 5.0e+08
131 277.19 4.1  5.9  8.2 10.0 15.0 20.0 2.0e+06 3.0e+06 5.0e+06 8.0e+06 1.0e+07 1.5e+07 2.0e+07 3.0e+07 5.0e+07 8.0e+07 1.0e+08 1.5e+08 2.0e+08 3.3e+08 5.0e+08
132 278.29 4.1  5.9  8.2 10.0 15.0 20.0 2.0e+06 3.0e+06 5.0e+06 8.0e+06 1.0e+07 1.5e+07 2.0e+07 3.0e+07 5.0e+07 8.0e+07 1.0e+08 1.5e+08 2.0e+08 3.3e+08 5.0e+08
133 279.38 4.1  5.9  8.1 10.0 15.0 20.0 2.0e+06 3.0e+06 5.0e+06 8.0e+06 1.0e+07 1.5e+07 2.0e+07 3.0e+07 5.0e+07 8.0e+07 1.0e+08 1.5e+08 2.0e+08 3.3e+08 5.0e+08
134 280.48 4.0  5.9  8.1 10.0 15.0 20.0 2.0e+06 3.0e+06 5.0e+06 8.0e+06 1.0e+07 1.5e+07 2.0e+07 3.0e+07 5.0e+07 8.0e+07 1.0e+08 1.5e+08 2.0e+08 3.3e+08 5.0e+08
135 281.57 4.0  5.9  8.1 10.0 15.0 20.0 2.0e+06 3.0e+06 5.0e+06 8.0e+06 1.0e+07 1.5e+07 2.0e+07 3.0e+07 5.0e+07 8.0e+07 1.0e+08 1.5e+08 2.0e+08 3.3e+08 5.0e+08
136 282.67 4.0  5.9  8.1 10.0 15.0 20.0 2.0e+06 3.0e+06 5.0e+06 8.0e+06 1.0e+07 1.5e+07 2.0e+07 3.0e+07 5.0e+07 8.0e+07 1.0e+08 1.5e+08 2.0e+08 3.3e+08 5.0e+08
137 283.76 4.0  5.9  8.1 10.0 15.0 20.0 2.0e+06 3.0e+06 5.0e+06 8.0e+06 1.0e+07 1.5e+07 2.0e+07 3.0e+07 5.0e+07 8.0e+07 1.0e+08 1.5e+08 2.0e+08 3.3e+08 5.0e+08
138 284.84 4.0  5.9  8.1 10.0 15.0 20.0 2.0e+06 3.0e+06 5.0e+06 8.0e+06 1.0e+07 1.5e+07 2.0e+07 3.0e+07 5.0e+07 8.0e+07 1.0e+08 1.5e+08 2.0e+08 3.3e+08 5.0e+08
139 285.93 4.0  5.9  8.1 10.0 15.0 20.0 2.0e+06 3.0e+06 5.0e+06 8.0e+06 1.0e+07 1.5e+07 2.0e+07 3.0e+07 5.0e+07 8.0e+07 1.0e+08 1.5e+08 2.0e+08 3.3e+08 5.0e+08
140 287.02 4.0  5.9  8.1 10.0 15.0 20.0 2.0e+06 3.0e+06 5.0e+06 8.0e+06 1.0e+07 1.5e+07 2.0e+07 3.0e+07 5.0e+07 8.0e+07 1.0e+08 1.5e+08 2.0e+08 3.3e+08 5.0e+08
141 288.10 4.0  5.9  8.1 10.0 15.0 20.0 2.0e+06 3.0e+06 5.0e+06 8.0e+06 1.0e+07 1.5e+07 2.0e+07 3.0e+07 5.0e+07 8.0e+07 1.0e+08 1.5e+08 2.0e+08 3.3e+08 5.0e+08
142 289.18 4.0  5.9  8.1 10.0 15.0 20.0 2.0e+06 3.0e+06 5.0e+06 8.0e+06 1.0e+07 1.5e+07 2.0e+07 3.0e+07 5.0e+07 8.0e+07 1.0e+08 1.5e+08 2.0e+08 3.3e+08 5.0e+08
143 290.26 4.0  5.9  8.1 10.0 15.0 20.0 2.0e+06 3.0e+06 5.0e+06 8.0e+06 1.0e+07 1.5e+07 2.0e+07 3.0e+07 5.0e+07 8.0e+07 1.0e+08 1.5e+08 2.0e+08 3.3e+08 5.0e+08
144 291.34 4.0  5.9  8.1 10.0 15.0 20.0 2.0e+06 3.0e+06 5.0e+06 8.0e+06 1.0e+07 1.5e+07 2.0e+07 3.0e+07 5.0e+07 8.0e+07 1.0e+08 1.5e+08 2.0e+08 3.3e+08 5.0e+08
145 292.42 4.0  5.9  8.1 10.0 15.0 20.0 2.0e+06 3.0e+06 5.0e+06 8.0e+06 1.0e+07 1.5e+07 2.0e+07 3.0e+07 5.0e+07 8.0e+07 1.0e+08 1.5e+08 2.0e+08 3.3e+08 5.0e+08
146 293.50 3.9  5.9  8.1 10.0 15.0 20.0 2.0e+06 3.0e+06 5.0e+06 8.0e+06 1.0e+07 1.5e+07 2.0e+07 3.0e+07 5.0e+07 8.0e+07 1.0e+08 1.5e+08 2.0e+08 3.3e+08 5.0e+08
147 294.57 3.9  5.9  8.1 10.0 15.0 20.0 2.0e+06 3.0e+06 5.0e+06 8.0e+06 1.0e+07 1.5e+07 2.0e+07 3.0e+07 5.0e+07 8.0e+07 1.0e+08 1.5e+08 2.0e+08 3.3e+08 5.0e+08
148 295.65 3.9  5.8  8.1 10.0 15.0 20.0 2.0e+06 3.0e+06 5.0e+06 8.0e+06 1.0e+07 1.5e+07 2.0e+07 3.0e+07 5.0e+07 8.0e+07 1.0e+08 1.5e+08 2.0e+08 3.3e+08 5.0e+08
149 296.72 3.9  5.8  8.1 10.0 15.0 20.0 2.0e+06 3.0e+06 5.0e+06 8.0e+06 1.0e+07 1.5e+07 2.0e+07 3.0e+07 5.0e+07 8.0e+07 1.0e+08 1.5e+08 2.0e+08 3.3e+08 5.0e+08
150 297.79 3.9  5.8  8.1 10.0 15.0 20.0 2.0e+06 3.0e+06 5.0e+06 8.0e+06 1.0e+07 1.5e+07 2.0e+07 3.0e+07 5.0e+07 8.0e+07 1.0e+08 1.5e+08 2.0e+08 3.3e+08 5.0e+08
151 298.87 3.9  5.8  8.1 10.0 15.0 20.0 2.0e+06 3.0e+06 5.0e+06 8.0e+06 1.0e+07 1.5e+07 2.0e+07 3.0e+07 5.0e+07 8.0e+07 1.0e+08 1.5e+08 2.0e+08 3.3e+08 5.0e+08
152 299.94 3.9  5.8  8.1 10.0 15.0 20.0 2.0e+06 3.0e+06 5.0e+06 8.0e+06 1.0e+07 1.5e+07 2.0e+07 3.0e+07 5.0e+07 8.0e+07 1.0e+08 1.5e+08 2.0e+08 3.3e+08 5.0e+08
153 301.00 3.9  5.8  8.1 10.0 15.0 20.0 2.0e+06 3.0e+06 5.0e+06 8.0e+06 1.0e+07 1.5e+07 2.0e+07 3.0e+07 5.0e+07 8.0e+07 1.0e+08 1.5e+08 2.0e+08 3.3e+08 5.0e+08
154 302.07 3.9  5.8  8.1 10.0 15.0 20.0 2.0e+06 3.0e+06 5.0e+06 8.0e+06 1.0e+07 1.5e+07 2.0e+07 3.0e+07 5.0e+07 8.0e+07 1.0e+08 1.5e+08 2.0e+08 3.3e+08 5.0e+08
155 303.14 3.9  5.8  8.1 10.0 15.0 20.0 2.0e+06 3.0e+06 5.0e+06 8.0e+06 1.0e+07 1.5e+07 2.0e+07 3.0e+07 5.0e+07 8.0e+07 1.0e+08 1.5e+08 2.0e+08 3.3e+08 5.0e+08
156 304.21 3.9  5.8  8.1 10.0 15.0 20.0 2.0e+06 3.0e+06 5.0e+06 8.0e+06 1.0e+07 1.5e+07 2.0e+07 3.0e+07 5.0e+07 8.0e+07 1.0e+08 1.5e+08 2.0e+08 3.3e+08 5.0e+08
157 305.27 3.9  5.8  8.1  9.9 15.0 20.0 2.0e+06 3.0e+06 5.0e+06 8.0e+06 1.0e+07 1.5e+07 2.0e+07 3.0e+07 5.0e+07 8.0e+07 1.0e+08 1.5e+08 2.0e+08 3.3e+08 5.0e+08
158 306.33 3.9  5.8  8.1  9.9 15.0 20.0 2.0e+06 3.0e+06 5.0e+06 8.0e+06 1.0e+07 1.5e+07 2.0e+07 3.0e+07 5.0e+07 8.0e+07 1.0e+08 1.5e+08 2.0e+08 3.3e+08 5.0e+08
159 307.40 3.9  5.8  8.1  9.9 15.0 20.0 2.0e+06 3.0e+06 5.0e+06 8.0e+06 1.0e+07 1.5e+07 2.0e+07 3.0e+07 5.0e+07 8.0e+07 1.0e+08 1.5e+08 2.0e+08 3.3e+08 5.0e+08
160 308.46 3.9  5.8  8.1  9.9 15.0 20.0 2.0e+06 3.0e+06 5.0e+06 8.0e+06 1.0e+07 1.5e+07 2.0e+07 3.0e+07 5.0e+07 8.0e+07 1.0e+08 1.5e+08 2.0e+08 3.3e+08 5.0e+08
161 309.52 3.8  5.8  8.0  9.9 15.0 20.0 2.0e+06 3.0e+06 5.0e+06 8.0e+06 1.0e+07 1.5e+07 2.0e+07 3.0e+07 5.0e+07 8.0e+07 1.0e+08 1.5e+08 2.0e+08 3.3e+08 5.0e+08
162 310.58 3.8  5.8  8.0  9.9 15.0 20.0 2.0e+06 3.0e+06 5.0e+06 8.0e+06 1.0e+07 1.5e+07 2.0e+07 3.0e+07 5.0e+07 8.0e+07 1.0e+08 1.5e+08 2.0e+08 3.3e+08 5.0e+08
163 311.64 3.8  5.8  8.0  9.9 15.0 20.0 2.0e+06 3.0e+06 5.0e+06 8.0e+06 1.0e+07 1.5e+07 2.0e+07 3.0e+07 5.0e+07 8.0e+07 1.0e+08 1.5e+08 2.0e+08 3.3e+08 5.0e+08
164 312.70 3.8  5.8  8.0  9.9 15.0 20.0 2.0e+06 3.0e+06 5.0e+06 8.0e+06 1.0e+07 1.5e+07 2.0e+07 3.0e+07 5.0e+07 8.0e+07 1.0e+08 1.5e+08 2.0e+08 3.3e+08 5.0e+08
165 313.76 3.8  5.8  8.0  9.9 15.0 20.0 2.0e+06 3.0e+06 5.0e+06 8.0e+06 1.0e+07 1.5e+07 2.0e+07 3.0e+07 5.0e+07 8.0e+07 1.0e+08 1.5e+08 2.0e+08 3.3e+08 5.0e+08
166 314.81 3.8  5.8  8.0  9.9 15.0 20.0 2.0e+06 3.0e+06 5.0e+06 8.0e+06 1.0e+07 1.5e+07 2.0e+07 3.0e+07 5.0e+07 8.0e+07 1.0e+08 1.5e+08 2.0e+08 3.3e+08 5.0e+08
167 315.87 3.8  5.8  8.0  9.9 15.0 20.0 2.0e+06 3.0e+06 5.0e+06 8.0e+06 1.0e+07 1.5e+07 2.0e+07 3.0e+07 5.0e+07 8.0e+07 1.0e+08 1.5e+08 2.0e+08 3.3e+08 5.0e+08
168 316.92 3.8  5.8  8.0  9.9 15.0 20.0 2.0e+06 3.0e+06 5.0e+06 8.0e+06 1.0e+07 1.5e+07 2.0e+07 3.0e+07 5.0e+07 8.0e+07 1.0e+08 1.5e+08 2.0e+08 3.3e+08 5.0e+08
169 317.97 3.8  5.8  8.0  9.9 15.0 20.0 2.0e+06 3.0e+06 5.0e+06 8.0e+06 1.0e+07 1.5e+07 2.0e+07 3.0e+07 5.0e+07 8.0e+07 1.0e+08 1.5e+08 2.0e+08 3.3e+08 5.0e+08
170 319.02 3.8  5.8  8.0  9.9 15.0 20.0 2.0e+06 3.0e+06 5.0e+06 8.0e+06 1.0e+07 1.5e+07 2.0e+07 3.0e+07 5.0e+07 8.0e+07 1.0e+08 1.5e+08 2.0e+08 3.3e+08 5.0e+08
171 320.07 3.8  5.8  8.0  9.9 15.0 20.0 2.0e+06 3.0e+06 5.0e+06 8.0e+06 1.0e+07 1.5e+07 2.0e+07 3.0e+07 5.0e+07 8.0e+07 1.0e+08 1.5e+08 2.0e+08 3.3e+08 5.0e+08
172 321.12 3.8  5.7  8.0  9.9 15.0 20.0 2.0e+06 3.0e+06 5.0e+06 8.0e+06 1.0e+07 1.5e+07 2.0e+07 3.0e+07 5.0e+07 8.0e+07 1.0e+08 1.5e+08 2.0e+08 3.3e+08 5.0e+08
173 322.17 3.8  5.7  8.0  9.9 15.0 20.0 2.0e+06 3.0e+06 5.0e+06 8.0e+06 1.0e+07 1.5e+07 2.0e+07 3.0e+07 5.0e+07 8.0e+07 1.0e+08 1.5e+08 2.0e+08 3.3e+08 5.0e+08
174 323.21 3.8  5.7  8.0  9.9 15.0 20.0 2.0e+06 3.0e+06 5.0e+06 8.0e+06 1.0e+07 1.5e+07 2.0e+07 3.0e+07 5.0e+07 8.0e+07 1.0e+08 1.5e+08 2.0e+08 3.3e+08 5.0e+08
175 324.26 3.8  5.7  8.0  9.9 15.0 20.0 2.0e+06 3.0e+06 5.0e+06 8.0e+06 1.0e+07 1.5e+07 2.0e+07 3.0e+07 5.0e+07 8.0e+07 1.0e+08 1.5e+08 2.0e+08 3.3e+08 5.0e+08
176 325.30 3.8  5.7  8.0  9.9 15.0 20.0 2.0e+06 3.0e+06 5.0e+06 8.0e+06 1.0e+07 1.5e+07 2.0e+07 3.0e+07 5.0e+07 8.0e+07 1.0e+08 1.5e+08 2.0e+08 3.3e+08 5.0e+08
177 326.34 3.8  5.7  8.0  9.9 15.0 20.0 2.0e+06 3.0e+06 5.0e+06 8.0e+06 1.0e+07 1.5e+07 2.0e+07 3.0e+07 5.0e+07 8.0e+07 1.0e+08 1.5e+08 2.0e+08 3.3e+08 5.0e+08
178 327.38 3.7  5.7  8.0  9.9 15.0 20.0 2.0e+06 3.0e+06 5.0e+06 8.0e+06 1.0e+07 1.5e+07 2.0e+07 3.0e+07 5.0e+07 8.0e+07 1.0e+08 1.5e+08 2.0e+08 3.3e+08 5.0e+08
179 328.41 3.7  5.7  8.0  9.9 15.0 20.0 2.0e+06 3.0e+06 5.0e+06 8.0e+06 1.0e+07 1.5e+07 2.0e+07 3.0e+07 5.0e+07 8.0e+07 1.0e+08 1.5e+08 2.0e+08 3.3e+08 5.0e+08
180 329.44 3.7  5.7  8.0  9.9 15.0 20.0 2.0e+06 3.0e+06 5.0e+06 8.0e+06 1.0e+07 1.5e+07 2.0e+07 3.0e+07 5.0e+07 8.0e+07 1.0e+08 1.5e+08 2.0e+08 3.3e+08 5.0e+08
181 330.48 3.7  5.7  8.0  9.9 15.0 20.0 2.0e+06 3.0e+06 5.0e+06 8.0e+06 1.0e+07 1.5e+07 2.0e+07 3.0e+07 5.0e+07 8.0e+07 1.0e+08 1.5e+08 2.0e+08 3.3e+08 5.0e+08
182 331.47 3.7  5.7  8.0  9.9 15.0 20.0 2.0e+06 3.0e+06 5.0e+06 8.0e+06 1.0e+07 1.5e+07 2.0e+07 3.0e+07 5.0e+07 8.0e+07 1.0e+08 1.5e+08 2.0e+08 3.3e+08 5.0e+08
183 332.98 3.7  5.7  8.0  9.9 15.0 20.0 2.0e+06 3.0e+06 5.0e+06 8.0e+06 1.0e+07 1.5e+07 2.0e+07 3.0e+07 5.0e+07 8.0e+07 1.0e+08 1.5e+08 2.0e+08 3.3e+08 5.0e+08
184 333.96 3.7  5.7  8.0  9.9 15.0 20.0 2.0e+06 3.0e+06 5.0e+06 8.0e+06 1.0e+07 1.5e+07 2.0e+07 3.0e+07 5.0e+07 8.0e+07 1.0e+08 1.5e+08 2.0e+08 3.3e+08 5.0e+08
185 334.94 3.7  5.7  8.0  9.9 15.0 20.0 2.0e+06 3.0e+06 5.0e+06 8.0e+06 1.0e+07 1.5e+07 2.0e+07 3.0e+07 5.0e+07 8.0e+07 1.0e+08 1.5e+08 2.0e+08 3.3e+08 5.0e+08
186 335.92 3.7  5.7  8.0  9.9 15.0 20.0 2.0e+06 3.0e+06 5.0e+06 8.0e+06 1.0e+07 1.5e+07 2.0e+07 3.0e+07 5.0e+07 8.0e+07 1.0e+08 1.5e+08 2.0e+08 3.3e+08 5.0e+08
187 336.89 3.7  5.7  8.0  9.9 15.0 20.0 2.0e+06 3.0e+06 5.0e+06 8.0e+06 1.0e+07 1.5e+07 2.0e+07 3.0e+07 5.0e+07 8.0e+07 1.0e+08 1.5e+08 2.0e+08 3.3e+08 5.0e+08
188 337.86 3.7  5.7  8.0  9.9 15.0 20.0 2.0e+06 3.0e+06 5.0e+06 8.0e+06 1.0e+07 1.5e+07 2.0e+07 3.0e+07 5.0e+07 8.0e+07 1.0e+08 1.5e+08 2.0e+08 3.3e+08 5.0e+08
189 338.83 3.7  5.7  8.0  9.9 15.0 20.0 2.0e+06 3.0e+06 5.0e+06 8.0e+06 1.0e+07 1.5e+07 2.0e+07 3.0e+07 5.0e+07 8.0e+07 1.0e+08 1.5e+08 2.0e+08 3.3e+08 5.0e+08
190 339.80 3.7  5.7  8.0  9.9 15.0 20.0 2.0e+06 3.0e+06 5.0e+06 8.0e+06 1.0e+07 1.5e+07 2.0e+07 3.0e+07 5.0e+07 8.0e+07 1.0e+08 1.5e+08 2.0e+08 3.3e+08 5.0e+08
191 340.77 3.7  5.7  8.0  9.9 15.0 20.0 2.0e+06 3.0e+06 5.0e+06 8.0e+06 1.0e+07 1.5e+07 2.0e+07 3.0e+07 5.0e+07 8.0e+07 1.0e+08 1.5e+08 2.0e+08 3.3e+08 5.0e+08
192 341.73 3.7  5.7  8.0  9.9 15.0 20.0 2.0e+06 3.0e+06 5.0e+06 8.0e+06 1.0e+07 1.5e+07 2.0e+07 3.0e+07 5.0e+07 8.0e+07 1.0e+08 1.5e+08 2.0e+08 3.3e+08 5.0e+08
193 343.46 3.7  5.7  8.0  9.9 15.0 20.0 2.0e+06 3.0e+06 5.0e+06 8.0e+06 1.0e+07 1.5e+07 2.0e+07 3.0e+07 5.0e+07 8.0e+07 1.0e+08 1.5e+08 2.0e+08 3.3e+08 5.0e+08
194 344.94 3.7  5.7  8.0  9.9 15.0 20.0 2.0e+06 3.0e+06 5.0e+06 8.0e+06 1.0e+07 1.5e+07 2.0e+07 3.0e+07 5.0e+07 8.0e+07 1.0e+08 1.5e+08 2.0e+08 3.3e+08 5.0e+08
195 346.42 3.7  5.7  8.0  9.9 15.0 20.0 2.0e+06 3.0e+06 5.0e+06 8.0e+06 1.0e+07 1.5e+07 2.0e+07 3.0e+07 5.0e+07 8.0e+07 1.0e+08 1.5e+08 2.0e+08 3.3e+08 5.0e+08
196 347.90 3.7  5.7  8.0  9.9 15.0 20.0 2.0e+06 3.0e+06 5.0e+06 8.0e+06 1.0e+07 1.5e+07 2.0e+07 3.0e+07 5.0e+07 8.0e+07 1.0e+08 1.5e+08 2.0e+08 3.3e+08 5.0e+08
197 349.37 3.6  5.7  8.0  9.9 15.0 20.0 2.0e+06 3.0e+06 5.0e+06 8.0e+06 1.0e+07 1.5e+07 2.0e+07 3.0e+07 5.0e+07 8.0e+07 1.0e+08 1.5e+08 2.0e+08 3.3e+08 5.0e+08
198 350.84 3.6  5.7  8.0  9.9 15.0 20.0 2.0e+06 3.0e+06 5.0e+06 8.0e+06 1.0e+07 1.5e+07 2.0e+07 3.0e+07 5.0e+07 8.0e+07 1.0e+08 1.5e+08 2.0e+08 3.3e+08 5.0e+08
199 352.30 3.6  5.7  7.9  9.9 15.0 20.0 2.0e+06 3.0e+06 5.0e+06 8.0e+06 1.0e+07 1.5e+07 2.0e+07 3.0e+07 5.0e+07 8.0e+07 1.0e+08 1.5e+08 2.0e+08 3.3e+08 5.0e+08
200 353.76 3.6  5.6  7.9  9.9 15.0 20.0 2.0e+06 3.0e+06 5.0e+06 8.0e+06 1.0e+07 1.5e+07 2.0e+07 3.0e+07 5.0e+07 8.0e+07 1.0e+08 1.5e+08 2.0e+08 3.3e+08 5.0e+08
201 355.22 3.6  5.6  7.9  9.9 15.0 20.0 2.0e+06 3.0e+06 5.0e+06 8.0e+06 1.0e+07 1.5e+07 2.0e+07 3.0e+07 5.0e+07 8.0e+07 1.0e+08 1.5e+08 2.0e+08 3.3e+08 5.0e+08
202 356.68 3.6  5.6  7.9  9.9 15.0 20.0 2.0e+06 3.0e+06 5.0e+06 8.0e+06 1.0e+07 1.5e+07 2.0e+07 3.0e+07 5.0e+07 8.0e+07 1.0e+08 1.5e+08 2.0e+08 3.3e+08 5.0e+08
203 358.13 3.6  5.6  7.9  9.8 15.0 20.0 2.0e+06 3.0e+06 5.0e+06 8.0e+06 1.0e+07 1.5e+07 2.0e+07 3.0e+07 5.0e+07 8.0e+07 1.0e+08 1.5e+08 2.0e+08 3.3e+08 5.0e+08
204 359.58 3.6  5.6  7.9  9.8 15.0 20.0 2.0e+06 3.0e+06 5.0e+06 8.0e+06 1.0e+07 1.5e+07 2.0e+07 3.0e+07 5.0e+07 8.0e+07 1.0e+08 1.5e+08 2.0e+08 3.3e+08 5.0e+08
205 361.02 3.6  5.6  7.9  9.8 15.0 20.0 2.0e+06 3.0e+06 5.0e+06 8.0e+06 1.0e+07 1.5e+07 2.0e+07 3.0e+07 5.0e+07 8.0e+07 1.0e+08 1.5e+08 2.0e+08 3.3e+08 5.0e+08
206 362.47 3.6  5.6  7.9  9.8 15.0 20.0 2.0e+06 3.0e+06 5.0e+06 8.0e+06 1.0e+07 1.5e+07 2.0e+07 3.0e+07 5.0e+07 8.0e+07 1.0e+08 1.5e+08 2.0e+08 3.3e+08 5.0e+08
207 363.91 3.6  5.6  7.9  9.8 15.0 20.0 2.0e+06 3.0e+06 5.0e+06 8.0e+06 1.0e+07 1.5e+07 2.0e+07 3.0e+07 5.0e+07 8.0e+07 1.0e+08 1.5e+08 2.0e+08 3.3e+08 5.0e+08
208 365.34 3.6  5.6  7.9  9.8 15.0 20.0 2.0e+06 3.0e+06 5.0e+06 8.0e+06 1.0e+07 1.5e+07 2.0e+07 3.0e+07 5.0e+07 8.0e+07 1.0e+08 1.5e+08 2.0e+08 3.3e+08 5.0e+08
209 366.78 3.6  5.6  7.9  9.8 15.0 20.0 2.0e+06 3.0e+06 5.0e+06 8.0e+06 1.0e+07 1.5e+07 2.0e+07 3.0e+07 5.0e+07 8.0e+07 1.0e+08 1.5e+08 2.0e+08 3.3e+08 5.0e+08
210 368.21 3.6  5.6  7.9  9.8 15.0 20.0 2.0e+06 3.0e+06 5.0e+06 8.0e+06 1.0e+07 1.5e+07 2.0e+07 3.0e+07 5.0e+07 8.0e+07 1.0e+08 1.5e+08 2.0e+08 3.3e+08 5.0e+08
211 369.64 3.6  5.6  7.9  9.8 15.0 20.0 2.0e+06 3.0e+06 5.0e+06 8.0e+06 1.0e+07 1.5e+07 2.0e+07 3.0e+07 5.0e+07 8.0e+07 1.0e+08 1.5e+08 2.0e+08 3.3e+08 5.0e+08
212 371.06 3.6  5.6  7.9  9.8 15.0 20.0 2.0e+06 3.0e+06 5.0e+06 8.0e+06 1.0e+07 1.5e+07 2.0e+07 3.0e+07 5.0e+07 8.0e+07 1.0e+08 1.5e+08 2.0e+08 3.3e+08 5.0e+08
213 372.49 3.6  5.6  7.9  9.8 15.0 20.0 2.0e+06 3.0e+06 5.0e+06 8.0e+06 1.0e+07 1.5e+07 2.0e+07 3.0e+07 5.0e+07 8.0e+07 1.0e+08 1.5e+08 2.0e+08 3.3e+08 5.0e+08
214 373.91 3.5  5.6  7.9  9.8 15.0 20.0 2.0e+06 3.0e+06 5.0e+06 8.0e+06 1.0e+07 1.5e+07 2.0e+07 3.0e+07 5.0e+07 8.0e+07 1.0e+08 1.5e+08 2.0e+08 3.3e+08 5.0e+08
215 375.32 3.5  5.6  7.9  9.8 15.0 20.0 2.0e+06 3.0e+06 5.0e+06 8.0e+06 1.0e+07 1.5e+07 2.0e+07 3.0e+07 5.0e+07 8.0e+07 1.0e+08 1.5e+08 2.0e+08 3.3e+08 5.0e+08
216 376.74 3.5  5.6  7.9  9.8 15.0 20.0 2.0e+06 3.0e+06 5.0e+06 8.0e+06 1.0e+07 1.5e+07 2.0e+07 3.0e+07 5.0e+07 8.0e+07 1.0e+08 1.5e+08 2.0e+08 3.3e+08 5.0e+08
217 378.15 3.5  5.6  7.9  9.8 15.0 20.0 2.0e+06 3.0e+06 5.0e+06 8.0e+06 1.0e+07 1.5e+07 2.0e+07 3.0e+07 5.0e+07 8.0e+07 1.0e+08 1.5e+08 2.0e+08 3.3e+08 5.0e+08
218 379.56 3.5  5.6  7.9  9.8 15.0 20.0 2.0e+06 3.0e+06 5.0e+06 8.0e+06 1.0e+07 1.5e+07 2.0e+07 3.0e+07 5.0e+07 8.0e+07 1.0e+08 1.5e+08 2.0e+08 3.3e+08 5.0e+08
219 380.97 3.5  5.6  7.9  9.8 15.0 20.0 2.0e+06 3.0e+06 5.0e+06 8.0e+06 1.0e+07 1.5e+07 2.0e+07 3.0e+07 5.0e+07 8.0e+07 1.0e+08 1.5e+08 2.0e+08 3.3e+08 5.0e+08
220 382.37 3.5  5.6  7.9  9.8 15.0 20.0 2.0e+06 3.0e+06 5.0e+06 8.0e+06 1.0e+07 1.5e+07 2.0e+07 3.0e+07 5.0e+07 8.0e+07 1.0e+08 1.5e+08 2.0e+08 3.3e+08 5.0e+08
221 383.78 3.5  5.6  7.9  9.8 15.0 20.0 2.0e+06 3.0e+06 5.0e+06 8.0e+06 1.0e+07 1.5e+07 2.0e+07 3.0e+07 5.0e+07 8.0e+07 1.0e+08 1.5e+08 2.0e+08 3.3e+08 5.0e+08
222 385.18 3.5  5.6  7.9  9.8 15.0 20.0 2.0e+06 3.0e+06 5.0e+06 8.0e+06 1.0e+07 1.5e+07 2.0e+07 3.0e+07 5.0e+07 8.0e+07 1.0e+08 1.5e+08 2.0e+08 3.3e+08 5.0e+08
223 386.57 3.5  5.6  7.9  9.8 15.0 20.0 2.0e+06 3.0e+06 5.0e+06 8.0e+06 1.0e+07 1.5e+07 2.0e+07 3.0e+07 5.0e+07 8.0e+07 1.0e+08 1.5e+08 2.0e+08 3.3e+08 5.0e+08
224 387.97 3.5  5.6  7.9  9.8 15.0 20.0 2.0e+06 3.0e+06 5.0e+06 8.0e+06 1.0e+07 1.5e+07 2.0e+07 3.0e+07 5.0e+07 8.0e+07 1.0e+08 1.5e+08 2.0e+08 3.3e+08 5.0e+08
225 389.36 3.5  5.6  7.9  9.8 15.0 20.0 2.0e+06 3.0e+06 5.0e+06 8.0e+06 1.0e+07 1.5e+07 2.0e+07 3.0e+07 5.0e+07 8.0e+07 1.0e+08 1.5e+08 2.0e+08 3.3e+08 5.0e+08
226 390.75 3.5  5.6  7.9  9.8 15.0 20.0 2.0e+06 3.0e+06 5.0e+06 8.0e+06 1.0e+07 1.5e+07 2.0e+07 3.0e+07 5.0e+07 8.0e+07 1.0e+08 1.5e+08 2.0e+08 3.3e+08 5.0e+08
227 392.14 3.5  5.6  7.9  9.8 15.0 20.0 2.0e+06 3.0e+06 5.0e+06 8.0e+06 1.0e+07 1.5e+07 2.0e+07 3.0e+07 5.0e+07 8.0e+07 1.0e+08 1.5e+08 2.0e+08 3.3e+08 5.0e+08
228 393.52 3.5  5.6  7.9  9.8 15.0 20.0 2.0e+06 3.0e+06 5.0e+06 8.0e+06 1.0e+07 1.5e+07 2.0e+07 3.0e+07 5.0e+07 8.0e+07 1.0e+08 1.5e+08 2.0e+08 3.3e+08 5.0e+08
229 394.90 3.5  5.5  7.9  9.8 15.0 20.0 2.0e+06 3.0e+06 5.0e+06 8.0e+06 1.0e+07 1.5e+07 2.0e+07 3.0e+07 5.0e+07 8.0e+07 1.0e+08 1.5e+08 2.0e+08 3.3e+08 5.0e+08
230 396.29 3.5  5.5  7.9  9.8 15.0 20.0 2.0e+06 3.0e+06 5.0e+06 8.0e+06 1.0e+07 1.5e+07 2.0e+07 3.0e+07 5.0e+07 8.0e+07 1.0e+08 1.5e+08 2.0e+08 3.3e+08 5.0e+08
231 397.66 3.5  5.5  7.9  9.8 15.0 20.0 2.0e+06 3.0e+06 5.0e+06 8.0e+06 1.0e+07 1.5e+07 2.0e+07 3.0e+07 5.0e+07 8.0e+07 1.0e+08 1.5e+08 2.0e+08 3.3e+08 5.0e+08
232 399.04 3.5  5.5  7.9  9.8 15.0 20.0 2.0e+06 3.0e+06 5.0e+06 8.0e+06 1.0e+07 1.5e+07 2.0e+07 3.0e+07 5.0e+07 8.0e+07 1.0e+08 1.5e+08 2.0e+08 3.3e+08 5.0e+08
233 400.41 3.5  5.5  7.9  9.8 15.0 20.0 2.0e+06 3.0e+06 5.0e+06 8.0e+06 1.0e+07 1.5e+07 2.0e+07 3.0e+07 5.0e+07 8.0e+07 1.0e+08 1.5e+08 2.0e+08 3.3e+08 5.0e+08
234 401.78 3.4  5.5  7.9  9.8 15.0 20.0 2.0e+06 3.0e+06 5.0e+06 8.0e+06 1.0e+07 1.5e+07 2.0e+07 3.0e+07 5.0e+07 8.0e+07 1.0e+08 1.5e+08 2.0e+08 3.3e+08 5.0e+08
235 403.15 3.4  5.5  7.9  9.8 15.0 20.0 2.0e+06 3.0e+06 5.0e+06 8.0e+06 1.0e+07 1.5e+07 2.0e+07 3.0e+07 5.0e+07 8.0e+07 1.0e+08 1.5e+08 2.0e+08 3.3e+08 5.0e+08
236 404.52 3.4  5.5  7.9  9.8 15.0 20.0 2.0e+06 3.0e+06 5.0e+06 8.0e+06 1.0e+07 1.5e+07 2.0e+07 3.0e+07 5.0e+07 8.0e+07 1.0e+08 1.5e+08 2.0e+08 3.3e+08 5.0e+08
237 405.89 3.4  5.5  7.9  9.8 15.0 20.0 2.0e+06 3.0e+06 5.0e+06 8.0e+06 1.0e+07 1.5e+07 2.0e+07 3.0e+07 5.0e+07 8.0e+07 1.0e+08 1.5e+08 2.0e+08 3.3e+08 5.0e+08
238 407.25 3.4  5.5  7.9  9.8 15.0 20.0 2.0e+06 3.0e+06 5.0e+06 8.0e+06 1.0e+07 1.5e+07 2.0e+07 3.0e+07 5.0e+07 8.0e+07 1.0e+08 1.5e+08 2.0e+08 3.3e+08 5.0e+08
239 408.61 3.4  5.5  7.9  9.8 15.0 20.0 2.0e+06 3.0e+06 5.0e+06 8.0e+06 1.0e+07 1.5e+07 2.0e+07 3.0e+07 5.0e+07 8.0e+07 1.0e+08 1.5e+08 2.0e+08 3.3e+08 5.0e+08
240 409.97 3.4  5.5  7.9  9.8 15.0 20.0 2.0e+06 3.0e+06 5.0e+06 8.0e+06 1.0e+07 1.5e+07 2.0e+07 3.0e+07 5.0e+07 8.0e+07 1.0e+08 1.5e+08 2.0e+08 3.3e+08 5.0e+08
241 411.32 3.4  5.5  7.9  9.8 15.0 20.0 2.0e+06 3.0e+06 5.0e+06 8.0e+06 1.0e+07 1.5e+07 2.0e+07 3.0e+07 5.0e+07 8.0e+07 1.0e+08 1.5e+08 2.0e+08 3.3e+08 5.0e+08
242 412.68 3.4  5.5  7.9  9.8 15.0 20.0 2.0e+06 3.0e+06 5.0e+06 8.0e+06 1.0e+07 1.5e+07 2.0e+07 3.0e+07 5.0e+07 8.0e+07 1.0e+08 1.5e+08 2.0e+08 3.3e+08 5.0e+08
243 414.03 3.4  5.5  7.8  9.8 15.0 20.0 2.0e+06 3.0e+06 5.0e+06 8.0e+06 1.0e+07 1.5e+07 2.0e+07 3.0e+07 5.0e+07 8.0e+07 1.0e+08 1.5e+08 2.0e+08 3.3e+08 5.0e+08
244 415.38 3.4  5.5  7.8  9.8 15.0 20.0 2.0e+06 3.0e+06 5.0e+06 8.0e+06 1.0e+07 1.5e+07 2.0e+07 3.0e+07 5.0e+07 8.0e+07 1.0e+08 1.5e+08 2.0e+08 3.3e+08 5.0e+08
245 416.73 3.4  5.5  7.8  9.8 15.0 20.0 2.0e+06 3.0e+06 5.0e+06 8.0e+06 1.0e+07 1.5e+07 2.0e+07 3.0e+07 5.0e+07 8.0e+07 1.0e+08 1.5e+08 2.0e+08 3.3e+08 5.0e+08
246 418.07 3.4  5.5  7.8  9.8 15.0 20.0 2.0e+06 3.0e+06 5.0e+06 8.0e+06 1.0e+07 1.5e+07 2.0e+07 3.0e+07 5.0e+07 8.0e+07 1.0e+08 1.5e+08 2.0e+08 3.3e+08 5.0e+08
247 419.42 3.4  5.5  7.8  9.8 15.0 20.0 2.0e+06 3.0e+06 5.0e+06 8.0e+06 1.0e+07 1.5e+07 2.0e+07 3.0e+07 5.0e+07 8.0e+07 1.0e+08 1.5e+08 2.0e+08 3.3e+08 5.0e+08
248 420.76 3.4  5.5  7.8  9.8 15.0 20.0 2.0e+06 3.0e+06 5.0e+06 8.0e+06 1.0e+07 1.5e+07 2.0e+07 3.0e+07 5.0e+07 8.0e+07 1.0e+08 1.5e+08 2.0e+08 3.3e+08 5.0e+08
249 422.10 3.4  5.5  7.8  9.8 15.0 20.0 2.0e+06 3.0e+06 5.0e+06 8.0e+06 1.0e+07 1.5e+07 2.0e+07 3.0e+07 5.0e+07 8.0e+07 1.0e+08 1.5e+08 2.0e+08 3.3e+08 5.0e+08
250 423.44 3.4  5.5  7.8  9.8 15.0 20.0 2.0e+06 3.0e+06 5.0e+06 8.0e+06 1.0e+07 1.5e+07 2.0e+07 3.0e+07 5.0e+07 8.0e+07 1.0e+08 1.5e+08 2.0e+08 3.3e+08 5.0e+08
251 424.77 3.4  5.5  7.8  9.8 15.0 20.0 2.0e+06 3.0e+06 5.0e+06 8.0e+06 1.0e+07 1.5e+07 2.0e+07 3.0e+07 5.0e+07 8.0e+07 1.0e+08 1.5e+08 2.0e+08 3.3e+08 5.0e+08
252 426.11 3.4  5.5  7.8  9.8 15.0 20.0 2.0e+06 3.0e+06 5.0e+06 8.0e+06 1.0e+07 1.5e+07 2.0e+07 3.0e+07 5.0e+07 8.0e+07 1.0e+08 1.5e+08 2.0e+08 3.3e+08 5.0e+08
253 427.44 3.4  5.5  7.8  9.8 15.0 20.0 2.0e+06 3.0e+06 5.0e+06 8.0e+06 1.0e+07 1.5e+07 2.0e+07 3.0e+07 5.0e+07 8.0e+07 1.0e+08 1.5e+08 2.0e+08 3.3e+08 5.0e+08
254 428.77 3.4  5.5  7.8  9.8 15.0 20.0 2.0e+06 3.0e+06 5.0e+06 8.0e+06 1.0e+07 1.5e+07 2.0e+07 3.0e+07 5.0e+07 8.0e+07 1.0e+08 1.5e+08 2.0e+08 3.3e+08 5.0e+08
255 430.10 3.4  5.5  7.8  9.8 15.0 20.0 2.0e+06 3.0e+06 5.0e+06 8.0e+06 1.0e+07 1.5e+07 2.0e+07 3.0e+07 5.0e+07 8.0e+07 1.0e+08 1.5e+08 2.0e+08 3.3e+08 5.0e+08
