# E# E (MeV/u), F# 1-6 (mm) I# 1-10 for a total of  255 proton Energies
  1  48.12 32.4 32.5 32.6 32.7 32.8 32.9 8.0e+07 1.2e+08 2.0e+08 3.2e+08 4.0e+08 6.0e+08 8.0e+08 1.2e+09 2.0e+09 3.2e+09 4.0e+09 6.0e+09 8.0e+09 1.2e+10 2.0e+10
  2  49.37 31.9 32.0 32.1 32.2 32.3 32.4 8.0e+07 1.2e+08 2.0e+08 3.2e+08 4.0e+08 6.0e+08 8.0e+08 1.2e+09 2.0e+09 3.2e+09 4.0e+09 6.0e+09 8.0e+09 1.2e+10 2.0e+10
  3  50.60 31.3 31.5 31.6 31.7 31.9 32.0 8.0e+07 1.2e+08 2.0e+08 3.2e+08 4.0e+08 6.0e+08 8.0e+08 1.2e+09 2.0e+09 3.2e+09 4.0e+09 6.0e+09 8.0e+09 1.2e+10 2.0e+10
  4  51.82 30.7 30.9 31.0 31.2 31.5 31.7 8.0e+07 1.2e+08 2.0e+08 3.2e+08 4.0e+08 6.0e+08 8.0e+08 1.2e+09 2.0e+09 3.2e+09 4.0e+09 6.0e+09 8.0e+09 1.2e+10 2.0e+10
  5  53.01 30.0 30.3 30.5 30.7 31.1 31.4 8.0e+07 1.2e+08 2.0e+08 3.2e+08 4.0e+08 6.0e+08 8.0e+08 1.2e+09 2.0e+09 3.2e+09 4.0e+09 6.0e+09 8.0e+09 1.2e+10 2.0e+10
  6  54.19 29.4 29.8 30.0 30.2 30.8 31.1 8.0e+07 1.2e+08 2.0e+08 3.2e+08 4.0e+08 6.0e+08 8.0e+08 1.2e+09 2.0e+09 3.2e+09 4.0e+09 6.0e+09 8.0e+09 1.2e+10 2.0e+10
  7  55.34 28.9 29.2 29.5 29.8 30.4 30.8 8.0e+07 1.2e+08 2.0e+08 3.2e+08 4.0e+08 6.0e+08 8.0e+08 1.2e+09 2.0e+09 3.2e+09 4.0e+09 6.0e+09 8.0e+09 1.2e+10 2.0e+10
  8  56.49 28.3 28.7 29.0 29.3 30.0 30.5 8.0e+07 1.2e+08 2.0e+08 3.2e+08 4.0e+08 6.0e+08 8.0e+08 1.2e+09 2.0e+09 3.2e+09 4.0e+09 6.0e+09 8.0e+09 1.2e+10 2.0e+10
  9  57.61 27.8 28.2 28.6 28.9 29.7 30.2 8.0e+07 1.2e+08 2.0e+08 3.2e+08 4.0e+08 6.0e+08 8.0e+08 1.2e+09 2.0e+09 3.2e+09 4.0e+09 6.0e+09 8.0e+09 1.2e+10 2.0e+10
 10  58.72 27.3 27.7 28.1 28.5 29.4 29.9 8.0e+07 1.2e+08 2.0e+08 3.2e+08 4.0e+08 6.0e+08 8.0e+08 1.2e+09 2.0e+09 3.2e+09 4.0e+09 6.0e+09 8.0e+09 1.2e+10 2.0e+10
 11  59.82 26.8 27.3 27.7 28.1 29.1 29.6 8.0e+07 1.2e+08 2.0e+08 3.2e+08 4.0e+08 6.0e+08 8.0e+08 1.2e+09 2.0e+09 3.2e+09 4.0e+09 6.0e+09 8.0e+09 1.2e+10 2.0e+10
 12  60.90 26.3 26.8 27.2 27.7 28.7 29.4 8.0e+07 1.2e+08 2.0e+08 3.2e+08 4.0e+08 6.0e+08 8.0e+08 1.2e+09 2.0e+09 3.2e+09 4.0e+09 6.0e+09 8.0e+09 1.2e+10 2.0e+10
 13  61.97 25.8 26.4 26.8 27.3 28.4 29.1 8.0e+07 1.2e+08 2.0e+08 3.2e+08 4.0e+08 6.0e+08 8.0e+08 1.2e+09 2.0e+09 3.2e+09 4.0e+09 6.0e+09 8.0e+09 1.2e+10 2.0e+10
 14  63.02 25.4 26.0 26.4 26.9 28.2 28.9 8.0e+07 1.2e+08 2.0e+08 3.2e+08 4.0e+08 6.0e+08 8.0e+08 1.2e+09 2.0e+09 3.2e+09 4.0e+09 6.0e+09 8.0e+09 1.2e+10 2.0e+10
 15  64.05 25.0 25.6 26.1 26.6 27.9 28.6 8.0e+07 1.2e+08 2.0e+08 3.2e+08 4.0e+08 6.0e+08 8.0e+08 1.2e+09 2.0e+09 3.2e+09 4.0e+09 6.0e+09 8.0e+09 1.2e+10 2.0e+10
 16  65.08 24.6 25.2 25.7 26.2 27.6 28.4 8.0e+07 1.2e+08 2.0e+08 3.2e+08 4.0e+08 6.0e+08 8.0e+08 1.2e+09 2.0e+09 3.2e+09 4.0e+09 6.0e+09 8.0e+09 1.2e+10 2.0e+10
 17  66.09 24.2 24.8 25.3 25.9 27.3 28.2 8.0e+07 1.2e+08 2.0e+08 3.2e+08 4.0e+08 6.0e+08 8.0e+08 1.2e+09 2.0e+09 3.2e+09 4.0e+09 6.0e+09 8.0e+09 1.2e+10 2.0e+10
 18  67.10 23.8 24.4 25.0 25.6 27.1 27.9 8.0e+07 1.2e+08 2.0e+08 3.2e+08 4.0e+08 6.0e+08 8.0e+08 1.2e+09 2.0e+09 3.2e+09 4.0e+09 6.0e+09 8.0e+09 1.2e+10 2.0e+10
 19  68.08 23.5 24.1 24.7 25.3 26.8 27.7 8.0e+07 1.2e+08 2.0e+08 3.2e+08 4.0e+08 6.0e+08 8.0e+08 1.2e+09 2.0e+09 3.2e+09 4.0e+09 6.0e+09 8.0e+09 1.2e+10 2.0e+10
 20  69.06 23.1 23.8 24.3 25.0 26.6 27.5 8.0e+07 1.2e+08 2.0e+08 3.2e+08 4.0e+08 6.0e+08 8.0e+08 1.2e+09 2.0e+09 3.2e+09 4.0e+09 6.0e+09 8.0e+09 1.2e+10 2.0e+10
 21  70.03 22.8 23.4 24.0 24.7 26.3 27.3 8.0e+07 1.2e+08 2.0e+08 3.2e+08 4.0e+08 6.0e+08 8.0e+08 1.2e+09 2.0e+09 3.2e+09 4.0e+09 6.0e+09 8.0e+09 1.2e+10 2.0e+10
 22  70.99 22.5 23.1 23.7 24.4 26.1 27.1 8.0e+07 1.2e+08 2.0e+08 3.2e+08 4.0e+08 6.0e+08 8.0e+08 1.2e+09 2.0e+09 3.2e+09 4.0e+09 6.0e+09 8.0e+09 1.2e+10 2.0e+10
 23  71.94 22.1 22.8 23.4 24.1 25.9 26.9 8.0e+07 1.2e+08 2.0e+08 3.2e+08 4.0e+08 6.0e+08 8.0e+08 1.2e+09 2.0e+09 3.2e+09 4.0e+09 6.0e+09 8.0e+09 1.2e+10 2.0e+10
 24  72.87 21.9 22.5 23.1 23.9 25.6 26.7 8.0e+07 1.2e+08 2.0e+08 3.2e+08 4.0e+08 6.0e+08 8.0e+08 1.2e+09 2.0e+09 3.2e+09 4.0e+09 6.0e+09 8.0e+09 1.2e+10 2.0e+10
 25  73.80 21.6 22.2 22.9 23.6 25.4 26.5 8.0e+07 1.2e+08 2.0e+08 3.2e+08 4.0e+08 6.0e+08 8.0e+08 1.2e+09 2.0e+09 3.2e+09 4.0e+09 6.0e+09 8.0e+09 1.2e+10 2.0e+10
 26  74.72 21.3 22.0 22.6 23.4 25.2 26.3 8.0e+07 1.2e+08 2.0e+08 3.2e+08 4.0e+08 6.0e+08 8.0e+08 1.2e+09 2.0e+09 3.2e+09 4.0e+09 6.0e+09 8.0e+09 1.2e+10 2.0e+10
 27  75.62 21.0 21.7 22.3 23.1 25.0 26.2 8.0e+07 1.2e+08 2.0e+08 3.2e+08 4.0e+08 6.0e+08 8.0e+08 1.2e+09 2.0e+09 3.2e+09 4.0e+09 6.0e+09 8.0e+09 1.2e+10 2.0e+10
 28  76.52 20.7 21.5 22.1 22.9 24.8 26.0 8.0e+07 1.2e+08 2.0e+08 3.2e+08 4.0e+08 6.0e+08 8.0e+08 1.2e+09 2.0e+09 3.2e+09 4.0e+09 6.0e+09 8.0e+09 1.2e+10 2.0e+10
 29  77.42 20.5 21.2 21.9 22.7 24.6 25.8 8.0e+07 1.2e+08 2.0e+08 3.2e+08 4.0e+08 6.0e+08 8.0e+08 1.2e+09 2.0e+09 3.2e+09 4.0e+09 6.0e+09 8.0e+09 1.2e+10 2.0e+10
 30  78.30 20.2 21.0 21.6 22.4 24.4 25.7 8.0e+07 1.2e+08 2.0e+08 3.2e+08 4.0e+08 6.0e+08 8.0e+08 1.2e+09 2.0e+09 3.2e+09 4.0e+09 6.0e+09 8.0e+09 1.2e+10 2.0e+10
 31  79.17 20.0 20.7 21.4 22.2 24.3 25.5 8.0e+07 1.2e+08 2.0e+08 3.2e+08 4.0e+08 6.0e+08 8.0e+08 1.2e+09 2.0e+09 3.2e+09 4.0e+09 6.0e+09 8.0e+09 1.2e+10 2.0e+10
 32  80.04 19.8 20.5 21.2 22.0 24.1 25.4 8.0e+07 1.2e+08 2.0e+08 3.2e+08 4.0e+08 6.0e+08 8.0e+08 1.2e+09 2.0e+09 3.2e+09 4.0e+09 6.0e+09 8.0e+09 1.2e+10 2.0e+10
 33  80.90 19.6 20.3 21.0 21.8 23.9 25.2 8.0e+07 1.2e+08 2.0e+08 3.2e+08 4.0e+08 6.0e+08 8.0e+08 1.2e+09 2.0e+09 3.2e+09 4.0e+09 6.0e+09 8.0e+09 1.2e+10 2.0e+10
 34  81.75 19.3 20.1 20.8 21.6 23.7 25.1 8.0e+07 1.2e+08 2.0e+08 3.2e+08 4.0e+08 6.0e+08 8.0e+08 1.2e+09 2.0e+09 3.2e+09 4.0e+09 6.0e+09 8.0e+09 1.2e+10 2.0e+10
 35  82.60 19.1 19.9 20.6 21.4 23.6 24.9 8.0e+07 1.2e+08 2.0e+08 3.2e+08 4.0e+08 6.0e+08 8.0e+08 1.2e+09 2.0e+09 3.2e+09 4.0e+09 6.0e+09 8.0e+09 1.2e+10 2.0e+10
 36  83.44 18.9 19.7 20.4 21.3 23.4 24.8 8.0e+07 1.2e+08 2.0e+08 3.2e+08 4.0e+08 6.0e+08 8.0e+08 1.2e+09 2.0e+09 3.2e+09 4.0e+09 6.0e+09 8.0e+09 1.2e+10 2.0e+10
 37  84.27 18.7 19.5 20.2 21.1 23.3 24.7 8.0e+07 1.2e+08 2.0e+08 3.2e+08 4.0e+08 6.0e+08 8.0e+08 1.2e+09 2.0e+09 3.2e+09 4.0e+09 6.0e+09 8.0e+09 1.2e+10 2.0e+10
 38  85.09 18.5 19.3 20.0 20.9 23.1 24.5 8.0e+07 1.2e+08 2.0e+08 3.2e+08 4.0e+08 6.0e+08 8.0e+08 1.2e+09 2.0e+09 3.2e+09 4.0e+09 6.0e+09 8.0e+09 1.2e+10 2.0e+10
 39  85.91 18.4 19.2 19.9 20.8 23.0 24.4 8.0e+07 1.2e+08 2.0e+08 3.2e+08 4.0e+08 6.0e+08 8.0e+08 1.2e+09 2.0e+09 3.2e+09 4.0e+09 6.0e+09 8.0e+09 1.2e+10 2.0e+10
 40  86.72 18.2 19.0 19.7 20.6 22.8 24.3 8.0e+07 1.2e+08 2.0e+08 3.2e+08 4.0e+08 6.0e+08 8.0e+08 1.2e+09 2.0e+09 3.2e+09 4.0e+09 6.0e+09 8.0e+09 1.2e+10 2.0e+10
 41  87.53 18.0 18.8 19.5 20.4 22.7 24.1 8.0e+07 1.2e+08 2.0e+08 3.2e+08 4.0e+08 6.0e+08 8.0e+08 1.2e+09 2.0e+09 3.2e+09 4.0e+09 6.0e+09 8.0e+09 1.2e+10 2.0e+10
 42  88.33 17.8 18.6 19.4 20.3 22.6 24.0 8.0e+07 1.2e+08 2.0e+08 3.2e+08 4.0e+08 6.0e+08 8.0e+08 1.2e+09 2.0e+09 3.2e+09 4.0e+09 6.0e+09 8.0e+09 1.2e+10 2.0e+10
 43  89.13 17.7 18.5 19.2 20.1 22.4 23.9 8.0e+07 1.2e+08 2.0e+08 3.2e+08 4.0e+08 6.0e+08 8.0e+08 1.2e+09 2.0e+09 3.2e+09 4.0e+09 6.0e+09 8.0e+09 1.2e+10 2.0e+10
 44  89.91 17.5 18.3 19.1 20.0 22.3 23.8 8.0e+07 1.2e+08 2.0e+08 3.2e+08 4.0e+08 6.0e+08 8.0e+08 1.2e+09 2.0e+09 3.2e+09 4.0e+09 6.0e+09 8.0e+09 1.2e+10 2.0e+10
 45  90.70 17.4 18.2 18.9 19.9 22.2 23.7 8.0e+07 1.2e+08 2.0e+08 3.2e+08 4.0e+08 6.0e+08 8.0e+08 1.2e+09 2.0e+09 3.2e+09 4.0e+09 6.0e+09 8.0e+09 1.2e+10 2.0e+10
 46  91.48 17.2 18.0 18.8 19.7 22.1 23.6 8.0e+07 1.2e+08 2.0e+08 3.2e+08 4.0e+08 6.0e+08 8.0e+08 1.2e+09 2.0e+09 3.2e+09 4.0e+09 6.0e+09 8.0e+09 1.2e+10 2.0e+10
 47  92.25 17.1 17.9 18.7 19.6 21.9 23.5 8.0e+07 1.2e+08 2.0e+08 3.2e+08 4.0e+08 6.0e+08 8.0e+08 1.2e+09 2.0e+09 3.2e+09 4.0e+09 6.0e+09 8.0e+09 1.2e+10 2.0e+10
 48  93.02 16.9 17.8 18.5 19.5 21.8 23.4 8.0e+07 1.2e+08 2.0e+08 3.2e+08 4.0e+08 6.0e+08 8.0e+08 1.2e+09 2.0e+09 3.2e+09 4.0e+09 6.0e+09 8.0e+09 1.2e+10 2.0e+10
 49  93.79 16.8 17.6 18.4 19.4 21.7 23.3 8.0e+07 1.2e+08 2.0e+08 3.2e+08 4.0e+08 6.0e+08 8.0e+08 1.2e+09 2.0e+09 3.2e+09 4.0e+09 6.0e+09 8.0e+09 1.2e+10 2.0e+10
 50  94.54 16.6 17.5 18.3 19.3 21.6 23.2 8.0e+07 1.2e+08 2.0e+08 3.2e+08 4.0e+08 6.0e+08 8.0e+08 1.2e+09 2.0e+09 3.2e+09 4.0e+09 6.0e+09 8.0e+09 1.2e+10 2.0e+10
 51  95.30 16.5 17.4 18.2 19.1 21.5 23.1 8.0e+07 1.2e+08 2.0e+08 3.2e+08 4.0e+08 6.0e+08 8.0e+08 1.2e+09 2.0e+09 3.2e+09 4.0e+09 6.0e+09 8.0e+09 1.2e+10 2.0e+10
 52  96.05 16.4 17.3 18.1 19.0 21.4 23.0 8.0e+07 1.2e+08 2.0e+08 3.2e+08 4.0e+08 6.0e+08 8.0e+08 1.2e+09 2.0e+09 3.2e+09 4.0e+09 6.0e+09 8.0e+09 1.2e+10 2.0e+10
 53  96.79 16.3 17.1 17.9 18.9 21.3 22.9 8.0e+07 1.2e+08 2.0e+08 3.2e+08 4.0e+08 6.0e+08 8.0e+08 1.2e+09 2.0e+09 3.2e+09 4.0e+09 6.0e+09 8.0e+09 1.2e+10 2.0e+10
 54  97.53 16.1 17.0 17.8 18.8 21.2 22.8 8.0e+07 1.2e+08 2.0e+08 3.2e+08 4.0e+08 6.0e+08 8.0e+08 1.2e+09 2.0e+09 3.2e+09 4.0e+09 6.0e+09 8.0e+09 1.2e+10 2.0e+10
 55  98.27 16.0 16.9 17.7 18.7 21.1 22.7 8.0e+07 1.2e+08 2.0e+08 3.2e+08 4.0e+08 6.0e+08 8.0e+08 1.2e+09 2.0e+09 3.2e+09 4.0e+09 6.0e+09 8.0e+09 1.2e+10 2.0e+10
 56  99.01 15.9 16.8 17.6 18.6 21.0 22.7 8.0e+07 1.2e+08 2.0e+08 3.2e+08 4.0e+08 6.0e+08 8.0e+08 1.2e+09 2.0e+09 3.2e+09 4.0e+09 6.0e+09 8.0e+09 1.2e+10 2.0e+10
 57  99.74 15.8 16.7 17.5 18.5 21.0 22.6 8.0e+07 1.2e+08 2.0e+08 3.2e+08 4.0e+08 6.0e+08 8.0e+08 1.2e+09 2.0e+09 3.2e+09 4.0e+09 6.0e+09 8.0e+09 1.2e+10 2.0e+10
 58 100.46 15.7 16.6 17.4 18.4 20.9 22.5 8.0e+07 1.2e+08 2.0e+08 3.2e+08 4.0e+08 6.0e+08 8.0e+08 1.2e+09 2.0e+09 3.2e+09 4.0e+09 6.0e+09 8.0e+09 1.2e+10 2.0e+10
 59 101.18 15.6 16.5 17.3 18.3 20.8 22.4 8.0e+07 1.2e+08 2.0e+08 3.2e+08 4.0e+08 6.0e+08 8.0e+08 1.2e+09 2.0e+09 3.2e+09 4.0e+09 6.0e+09 8.0e+09 1.2e+10 2.0e+10
 60 101.90 15.5 16.4 17.2 18.2 20.7 22.3 8.0e+07 1.2e+08 2.0e+08 3.2e+08 4.0e+08 6.0e+08 8.0e+08 1.2e+09 2.0e+09 3.2e+09 4.0e+09 6.0e+09 8.0e+09 1.2e+10 2.0e+10
 61 102.61 15.4 16.3 17.1 18.2 20.6 22.3 8.0e+07 1.2e+08 2.0e+08 3.2e+08 4.0e+08 6.0e+08 8.0e+08 1.2e+09 2.0e+09 3.2e+09 4.0e+09 6.0e+09 8.0e+09 1.2e+10 2.0e+10
 62 103.32 15.3 16.2 17.1 18.1 20.6 22.2 8.0e+07 1.2e+08 2.0e+08 3.2e+08 4.0e+08 6.0e+08 8.0e+08 1.2e+09 2.0e+09 3.2e+09 4.0e+09 6.0e+09 8.0e+09 1.2e+10 2.0e+10
 63 104.03 15.2 16.1 17.0 18.0 20.5 22.1 8.0e+07 1.2e+08 2.0e+08 3.2e+08 4.0e+08 6.0e+08 8.0e+08 1.2e+09 2.0e+09 3.2e+09 4.0e+09 6.0e+09 8.0e+09 1.2e+10 2.0e+10
 64 104.73 15.1 16.0 16.9 17.9 20.4 22.1 8.0e+07 1.2e+08 2.0e+08 3.2e+08 4.0e+08 6.0e+08 8.0e+08 1.2e+09 2.0e+09 3.2e+09 4.0e+09 6.0e+09 8.0e+09 1.2e+10 2.0e+10
 65 105.43 15.0 15.9 16.8 17.8 20.4 22.0 8.0e+07 1.2e+08 2.0e+08 3.2e+08 4.0e+08 6.0e+08 8.0e+08 1.2e+09 2.0e+09 3.2e+09 4.0e+09 6.0e+09 8.0e+09 1.2e+10 2.0e+10
 66 106.12 14.9 15.9 16.7 17.8 20.3 22.0 8.0e+07 1.2e+08 2.0e+08 3.2e+08 4.0e+08 6.0e+08 8.0e+08 1.2e+09 2.0e+09 3.2e+09 4.0e+09 6.0e+09 8.0e+09 1.2e+10 2.0e+10
 67 106.82 14.8 15.8 16.6 17.7 20.2 21.9 8.0e+07 1.2e+08 2.0e+08 3.2e+08 4.0e+08 6.0e+08 8.0e+08 1.2e+09 2.0e+09 3.2e+09 4.0e+09 6.0e+09 8.0e+09 1.2e+10 2.0e+10
 68 107.51 14.7 15.7 16.6 17.6 20.2 21.8 8.0e+07 1.2e+08 2.0e+08 3.2e+08 4.0e+08 6.0e+08 8.0e+08 1.2e+09 2.0e+09 3.2e+09 4.0e+09 6.0e+09 8.0e+09 1.2e+10 2.0e+10
 69 108.20 14.6 15.6 16.5 17.5 20.1 21.8 8.0e+07 1.2e+08 2.0e+08 3.2e+08 4.0e+08 6.0e+08 8.0e+08 1.2e+09 2.0e+09 3.2e+09 4.0e+09 6.0e+09 8.0e+09 1.2e+10 2.0e+10
 70 108.88 14.5 15.5 16.4 17.5 20.0 21.7 8.0e+07 1.2e+08 2.0e+08 3.2e+08 4.0e+08 6.0e+08 8.0e+08 1.2e+09 2.0e+09 3.2e+09 4.0e+09 6.0e+09 8.0e+09 1.2e+10 2.0e+10
 71 109.56 14.5 15.5 16.3 17.4 20.0 21.7 8.0e+07 1.2e+08 2.0e+08 3.2e+08 4.0e+08 6.0e+08 8.0e+08 1.2e+09 2.0e+09 3.2e+09 4.0e+09 6.0e+09 8.0e+09 1.2e+10 2.0e+10
 72 110.24 14.4 15.4 16.3 17.3 19.9 21.6 8.0e+07 1.2e+08 2.0e+08 3.2e+08 4.0e+08 6.0e+08 8.0e+08 1.2e+09 2.0e+09 3.2e+09 4.0e+09 6.0e+09 8.0e+09 1.2e+10 2.0e+10
 73 110.91 14.3 15.3 16.2 17.3 19.9 21.6 8.0e+07 1.2e+08 2.0e+08 3.2e+08 4.0e+08 6.0e+08 8.0e+08 1.2e+09 2.0e+09 3.2e+09 4.0e+09 6.0e+09 8.0e+09 1.2e+10 2.0e+10
 74 111.58 14.2 15.2 16.1 17.2 19.8 21.5 8.0e+07 1.2e+08 2.0e+08 3.2e+08 4.0e+08 6.0e+08 8.0e+08 1.2e+09 2.0e+09 3.2e+09 4.0e+09 6.0e+09 8.0e+09 1.2e+10 2.0e+10
 75 112.25 14.2 15.2 16.1 17.2 19.8 21.5 8.0e+07 1.2e+08 2.0e+08 3.2e+08 4.0e+08 6.0e+08 8.0e+08 1.2e+09 2.0e+09 3.2e+09 4.0e+09 6.0e+09 8.0e+09 1.2e+10 2.0e+10
 76 112.91 14.1 15.1 16.0 17.1 19.7 21.4 8.0e+07 1.2e+08 2.0e+08 3.2e+08 4.0e+08 6.0e+08 8.0e+08 1.2e+09 2.0e+09 3.2e+09 4.0e+09 6.0e+09 8.0e+09 1.2e+10 2.0e+10
 77 113.58 14.0 15.0 15.9 17.0 19.7 21.4 8.0e+07 1.2e+08 2.0e+08 3.2e+08 4.0e+08 6.0e+08 8.0e+08 1.2e+09 2.0e+09 3.2e+09 4.0e+09 6.0e+09 8.0e+09 1.2e+10 2.0e+10
 78 114.24 13.9 15.0 15.9 17.0 19.6 21.3 8.0e+07 1.2e+08 2.0e+08 3.2e+08 4.0e+08 6.0e+08 8.0e+08 1.2e+09 2.0e+09 3.2e+09 4.0e+09 6.0e+09 8.0e+09 1.2e+10 2.0e+10
 79 114.90 13.9 14.9 15.8 16.9 19.6 21.3 8.0e+07 1.2e+08 2.0e+08 3.2e+08 4.0e+08 6.0e+08 8.0e+08 1.2e+09 2.0e+09 3.2e+09 4.0e+09 6.0e+09 8.0e+09 1.2e+10 2.0e+10
 80 115.55 13.8 14.8 15.8 16.9 19.5 21.2 8.0e+07 1.2e+08 2.0e+08 3.2e+08 4.0e+08 6.0e+08 8.0e+08 1.2e+09 2.0e+09 3.2e+09 4.0e+09 6.0e+09 8.0e+09 1.2e+10 2.0e+10
 81 116.20 13.7 14.8 15.7 16.8 19.5 21.2 8.0e+07 1.2e+08 2.0e+08 3.2e+08 4.0e+08 6.0e+08 8.0e+08 1.2e+09 2.0e+09 3.2e+09 4.0e+09 6.0e+09 8.0e+09 1.2e+10 2.0e+10
 82 116.85 13.7 14.7 15.6 16.8 19.4 21.1 8.0e+07 1.2e+08 2.0e+08 3.2e+08 4.0e+08 6.0e+08 8.0e+08 1.2e+09 2.0e+09 3.2e+09 4.0e+09 6.0e+09 8.0e+09 1.2e+10 2.0e+10
 83 117.50 13.6 14.7 15.6 16.7 19.4 21.1 8.0e+07 1.2e+08 2.0e+08 3.2e+08 4.0e+08 6.0e+08 8.0e+08 1.2e+09 2.0e+09 3.2e+09 4.0e+09 6.0e+09 8.0e+09 1.2e+10 2.0e+10
 84 118.14 13.6 14.6 15.5 16.7 19.3 21.1 8.0e+07 1.2e+08 2.0e+08 3.2e+08 4.0e+08 6.0e+08 8.0e+08 1.2e+09 2.0e+09 3.2e+09 4.0e+09 6.0e+09 8.0e+09 1.2e+10 2.0e+10
 85 118.78 13.5 14.6 15.5 16.6 19.3 21.0 8.0e+07 1.2e+08 2.0e+08 3.2e+08 4.0e+08 6.0e+08 8.0e+08 1.2e+09 2.0e+09 3.2e+09 4.0e+09 6.0e+09 8.0e+09 1.2e+10 2.0e+10
 86 119.42 13.4 14.5 15.4 16.6 19.2 21.0 8.0e+07 1.2e+08 2.0e+08 3.2e+08 4.0e+08 6.0e+08 8.0e+08 1.2e+09 2.0e+09 3.2e+09 4.0e+09 6.0e+09 8.0e+09 1.2e+10 2.0e+10
 87 120.05 13.4 14.4 15.4 16.5 19.2 20.9 8.0e+07 1.2e+08 2.0e+08 3.2e+08 4.0e+08 6.0e+08 8.0e+08 1.2e+09 2.0e+09 3.2e+09 4.0e+09 6.0e+09 8.0e+09 1.2e+10 2.0e+10
 88 120.69 13.3 14.4 15.3 16.5 19.2 20.9 8.0e+07 1.2e+08 2.0e+08 3.2e+08 4.0e+08 6.0e+08 8.0e+08 1.2e+09 2.0e+09 3.2e+09 4.0e+09 6.0e+09 8.0e+09 1.2e+10 2.0e+10
 89 121.32 13.3 14.3 15.3 16.4 19.1 20.9 8.0e+07 1.2e+08 2.0e+08 3.2e+08 4.0e+08 6.0e+08 8.0e+08 1.2e+09 2.0e+09 3.2e+09 4.0e+09 6.0e+09 8.0e+09 1.2e+10 2.0e+10
 90 121.95 13.2 14.3 15.2 16.4 19.1 20.8 8.0e+07 1.2e+08 2.0e+08 3.2e+08 4.0e+08 6.0e+08 8.0e+08 1.2e+09 2.0e+09 3.2e+09 4.0e+09 6.0e+09 8.0e+09 1.2e+10 2.0e+10
 91 122.57 13.1 14.2 15.2 16.3 19.0 20.8 8.0e+07 1.2e+08 2.0e+08 3.2e+08 4.0e+08 6.0e+08 8.0e+08 1.2e+09 2.0e+09 3.2e+09 4.0e+09 6.0e+09 8.0e+09 1.2e+10 2.0e+10
 92 123.20 13.1 14.2 15.1 16.3 19.0 20.8 8.0e+07 1.2e+08 2.0e+08 3.2e+08 4.0e+08 6.0e+08 8.0e+08 1.2e+09 2.0e+09 3.2e+09 4.0e+09 6.0e+09 8.0e+09 1.2e+10 2.0e+10
 93 123.82 13.0 14.1 15.1 16.2 19.0 20.7 8.0e+07 1.2e+08 2.0e+08 3.2e+08 4.0e+08 6.0e+08 8.0e+08 1.2e+09 2.0e+09 3.2e+09 4.0e+09 6.0e+09 8.0e+09 1.2e+10 2.0e+10
 94 124.44 13.0 14.1 15.0 16.2 18.9 20.7 8.0e+07 1.2e+08 2.0e+08 3.2e+08 4.0e+08 6.0e+08 8.0e+08 1.2e+09 2.0e+09 3.2e+09 4.0e+09 6.0e+09 8.0e+09 1.2e+10 2.0e+10
 95 125.06 12.9 14.0 15.0 16.2 18.9 20.7 8.0e+07 1.2e+08 2.0e+08 3.2e+08 4.0e+08 6.0e+08 8.0e+08 1.2e+09 2.0e+09 3.2e+09 4.0e+09 6.0e+09 8.0e+09 1.2e+10 2.0e+10
 96 125.67 12.9 14.0 15.0 16.1 18.9 20.6 8.0e+07 1.2e+08 2.0e+08 3.2e+08 4.0e+08 6.0e+08 8.0e+08 1.2e+09 2.0e+09 3.2e+09 4.0e+09 6.0e+09 8.0e+09 1.2e+10 2.0e+10
 97 126.29 12.8 13.9 14.9 16.1 18.8 20.6 8.0e+07 1.2e+08 2.0e+08 3.2e+08 4.0e+08 6.0e+08 8.0e+08 1.2e+09 2.0e+09 3.2e+09 4.0e+09 6.0e+09 8.0e+09 1.2e+10 2.0e+10
 98 126.90 12.8 13.9 14.9 16.0 18.8 20.6 8.0e+07 1.2e+08 2.0e+08 3.2e+08 4.0e+08 6.0e+08 8.0e+08 1.2e+09 2.0e+09 3.2e+09 4.0e+09 6.0e+09 8.0e+09 1.2e+10 2.0e+10
 99 127.51 12.7 13.9 14.8 16.0 18.8 20.5 8.0e+07 1.2e+08 2.0e+08 3.2e+08 4.0e+08 6.0e+08 8.0e+08 1.2e+09 2.0e+09 3.2e+09 4.0e+09 6.0e+09 8.0e+09 1.2e+10 2.0e+10
100 128.11 12.7 13.8 14.8 16.0 18.7 20.5 8.0e+07 1.2e+08 2.0e+08 3.2e+08 4.0e+08 6.0e+08 8.0e+08 1.2e+09 2.0e+09 3.2e+09 4.0e+09 6.0e+09 8.0e+09 1.2e+10 2.0e+10
101 128.72 12.6 13.8 14.7 15.9 18.7 20.5 8.0e+07 1.2e+08 2.0e+08 3.2e+08 4.0e+08 6.0e+08 8.0e+08 1.2e+09 2.0e+09 3.2e+09 4.0e+09 6.0e+09 8.0e+09 1.2e+10 2.0e+10
102 129.32 12.6 13.7 14.7 15.9 18.7 20.5 8.0e+07 1.2e+08 2.0e+08 3.2e+08 4.0e+08 6.0e+08 8.0e+08 1.2e+09 2.0e+09 3.2e+09 4.0e+09 6.0e+09 8.0e+09 1.2e+10 2.0e+10
103 129.92 12.5 13.7 14.7 15.9 18.6 20.4 8.0e+07 1.2e+08 2.0e+08 3.2e+08 4.0e+08 6.0e+08 8.0e+08 1.2e+09 2.0e+09 3.2e+09 4.0e+09 6.0e+09 8.0e+09 1.2e+10 2.0e+10
104 130.52 12.5 13.6 14.6 15.8 18.6 20.4 8.0e+07 1.2e+08 2.0e+08 3.2e+08 4.0e+08 6.0e+08 8.0e+08 1.2e+09 2.0e+09 3.2e+09 4.0e+09 6.0e+09 8.0e+09 1.2e+10 2.0e+10
105 131.11 12.5 13.6 14.6 15.8 18.6 20.4 8.0e+07 1.2e+08 2.0e+08 3.2e+08 4.0e+08 6.0e+08 8.0e+08 1.2e+09 2.0e+09 3.2e+09 4.0e+09 6.0e+09 8.0e+09 1.2e+10 2.0e+10
106 131.71 12.4 13.6 14.6 15.7 18.5 20.3 8.0e+07 1.2e+08 2.0e+08 3.2e+08 4.0e+08 6.0e+08 8.0e+08 1.2e+09 2.0e+09 3.2e+09 4.0e+09 6.0e+09 8.0e+09 1.2e+10 2.0e+10
107 132.30 12.4 13.5 14.5 15.7 18.5 20.3 8.0e+07 1.2e+08 2.0e+08 3.2e+08 4.0e+08 6.0e+08 8.0e+08 1.2e+09 2.0e+09 3.2e+09 4.0e+09 6.0e+09 8.0e+09 1.2e+10 2.0e+10
108 132.89 12.3 13.5 14.5 15.7 18.5 20.3 8.0e+07 1.2e+08 2.0e+08 3.2e+08 4.0e+08 6.0e+08 8.0e+08 1.2e+09 2.0e+09 3.2e+09 4.0e+09 6.0e+09 8.0e+09 1.2e+10 2.0e+10
109 133.48 12.3 13.4 14.4 15.6 18.5 20.3 8.0e+07 1.2e+08 2.0e+08 3.2e+08 4.0e+08 6.0e+08 8.0e+08 1.2e+09 2.0e+09 3.2e+09 4.0e+09 6.0e+09 8.0e+09 1.2e+10 2.0e+10
110 134.06 12.2 13.4 14.4 15.6 18.4 20.2 8.0e+07 1.2e+08 2.0e+08 3.2e+08 4.0e+08 6.0e+08 8.0e+08 1.2e+09 2.0e+09 3.2e+09 4.0e+09 6.0e+09 8.0e+09 1.2e+10 2.0e+10
111 134.65 12.2 13.4 14.4 15.6 18.4 20.2 8.0e+07 1.2e+08 2.0e+08 3.2e+08 4.0e+08 6.0e+08 8.0e+08 1.2e+09 2.0e+09 3.2e+09 4.0e+09 6.0e+09 8.0e+09 1.2e+10 2.0e+10
112 135.23 12.2 13.3 14.3 15.5 18.4 20.2 8.0e+07 1.2e+08 2.0e+08 3.2e+08 4.0e+08 6.0e+08 8.0e+08 1.2e+09 2.0e+09 3.2e+09 4.0e+09 6.0e+09 8.0e+09 1.2e+10 2.0e+10
113 135.81 12.1 13.3 14.3 15.5 18.3 20.2 8.0e+07 1.2e+08 2.0e+08 3.2e+08 4.0e+08 6.0e+08 8.0e+08 1.2e+09 2.0e+09 3.2e+09 4.0e+09 6.0e+09 8.0e+09 1.2e+10 2.0e+10
114 136.39 12.1 13.3 14.3 15.5 18.3 20.1 8.0e+07 1.2e+08 2.0e+08 3.2e+08 4.0e+08 6.0e+08 8.0e+08 1.2e+09 2.0e+09 3.2e+09 4.0e+09 6.0e+09 8.0e+09 1.2e+10 2.0e+10
115 136.97 12.0 13.2 14.2 15.4 18.3 20.1 8.0e+07 1.2e+08 2.0e+08 3.2e+08 4.0e+08 6.0e+08 8.0e+08 1.2e+09 2.0e+09 3.2e+09 4.0e+09 6.0e+09 8.0e+09 1.2e+10 2.0e+10
116 137.55 12.0 13.2 14.2 15.4 18.3 20.1 8.0e+07 1.2e+08 2.0e+08 3.2e+08 4.0e+08 6.0e+08 8.0e+08 1.2e+09 2.0e+09 3.2e+09 4.0e+09 6.0e+09 8.0e+09 1.2e+10 2.0e+10
117 138.12 12.0 13.1 14.2 15.4 18.2 20.1 8.0e+07 1.2e+08 2.0e+08 3.2e+08 4.0e+08 6.0e+08 8.0e+08 1.2e+09 2.0e+09 3.2e+09 4.0e+09 6.0e+09 8.0e+09 1.2e+10 2.0e+10
118 138.70 11.9 13.1 14.1 15.4 18.2 20.0 8.0e+07 1.2e+08 2.0e+08 3.2e+08 4.0e+08 6.0e+08 8.0e+08 1.2e+09 2.0e+09 3.2e+09 4.0e+09 6.0e+09 8.0e+09 1.2e+10 2.0e+10
119 139.27 11.9 13.1 14.1 15.3 18.2 20.0 8.0e+07 1.2e+08 2.0e+08 3.2e+08 4.0e+08 6.0e+08 8.0e+08 1.2e+09 2.0e+09 3.2e+09 4.0e+09 6.0e+09 8.0e+09 1.2e+10 2.0e+10
120 139.84 11.8 13.0 14.1 15.3 18.2 20.0 8.0e+07 1.2e+08 2.0e+08 3.2e+08 4.0e+08 6.0e+08 8.0e+08 1.2e+09 2.0e+09 3.2e+09 4.0e+09 6.0e+09 8.0e+09 1.2e+10 2.0e+10
121 140.41 11.8 13.0 14.0 15.3 18.1 20.0 8.0e+07 1.2e+08 2.0e+08 3.2e+08 4.0e+08 6.0e+08 8.0e+08 1.2e+09 2.0e+09 3.2e+09 4.0e+09 6.0e+09 8.0e+09 1.2e+10 2.0e+10
122 140.97 11.8 13.0 14.0 15.2 18.1 20.0 8.0e+07 1.2e+08 2.0e+08 3.2e+08 4.0e+08 6.0e+08 8.0e+08 1.2e+09 2.0e+09 3.2e+09 4.0e+09 6.0e+09 8.0e+09 1.2e+10 2.0e+10
123 141.54 11.7 12.9 14.0 15.2 18.1 20.0 8.0e+07 1.2e+08 2.0e+08 3.2e+08 4.0e+08 6.0e+08 8.0e+08 1.2e+09 2.0e+09 3.2e+09 4.0e+09 6.0e+09 8.0e+09 1.2e+10 2.0e+10
124 142.10 11.7 12.9 13.9 15.2 18.1 20.0 8.0e+07 1.2e+08 2.0e+08 3.2e+08 4.0e+08 6.0e+08 8.0e+08 1.2e+09 2.0e+09 3.2e+09 4.0e+09 6.0e+09 8.0e+09 1.2e+10 2.0e+10
125 142.66 11.7 12.9 13.9 15.2 18.0 20.0 8.0e+07 1.2e+08 2.0e+08 3.2e+08 4.0e+08 6.0e+08 8.0e+08 1.2e+09 2.0e+09 3.2e+09 4.0e+09 6.0e+09 8.0e+09 1.2e+10 2.0e+10
126 143.22 11.6 12.8 13.9 15.1 18.0 20.0 8.0e+07 1.2e+08 2.0e+08 3.2e+08 4.0e+08 6.0e+08 8.0e+08 1.2e+09 2.0e+09 3.2e+09 4.0e+09 6.0e+09 8.0e+09 1.2e+10 2.0e+10
127 143.78 11.6 12.8 13.9 15.1 18.0 20.0 8.0e+07 1.2e+08 2.0e+08 3.2e+08 4.0e+08 6.0e+08 8.0e+08 1.2e+09 2.0e+09 3.2e+09 4.0e+09 6.0e+09 8.0e+09 1.2e+10 2.0e+10
128 144.34 11.5 12.8 13.8 15.1 18.0 20.0 8.0e+07 1.2e+08 2.0e+08 3.2e+08 4.0e+08 6.0e+08 8.0e+08 1.2e+09 2.0e+09 3.2e+09 4.0e+09 6.0e+09 8.0e+09 1.2e+10 2.0e+10
129 144.90 11.5 12.7 13.8 15.0 18.0 20.0 8.0e+07 1.2e+08 2.0e+08 3.2e+08 4.0e+08 6.0e+08 8.0e+08 1.2e+09 2.0e+09 3.2e+09 4.0e+09 6.0e+09 8.0e+09 1.2e+10 2.0e+10
130 145.46 11.5 12.7 13.8 15.0 17.9 20.0 8.0e+07 1.2e+08 2.0e+08 3.2e+08 4.0e+08 6.0e+08 8.0e+08 1.2e+09 2.0e+09 3.2e+09 4.0e+09 6.0e+09 8.0e+09 1.2e+10 2.0e+10
131 146.01 11.4 12.7 13.7 15.0 17.9 20.0 8.0e+07 1.2e+08 2.0e+08 3.2e+08 4.0e+08 6.0e+08 8.0e+08 1.2e+09 2.0e+09 3.2e+09 4.0e+09 6.0e+09 8.0e+09 1.2e+10 2.0e+10
132 146.56 11.4 12.6 13.7 15.0 17.9 20.0 8.0e+07 1.2e+08 2.0e+08 3.2e+08 4.0e+08 6.0e+08 8.0e+08 1.2e+09 2.0e+09 3.2e+09 4.0e+09 6.0e+09 8.0e+09 1.2e+10 2.0e+10
133 147.11 11.4 12.6 13.7 14.9 17.9 20.0 8.0e+07 1.2e+08 2.0e+08 3.2e+08 4.0e+08 6.0e+08 8.0e+08 1.2e+09 2.0e+09 3.2e+09 4.0e+09 6.0e+09 8.0e+09 1.2e+10 2.0e+10
134 147.67 11.3 12.6 13.6 14.9 17.8 20.0 8.0e+07 1.2e+08 2.0e+08 3.2e+08 4.0e+08 6.0e+08 8.0e+08 1.2e+09 2.0e+09 3.2e+09 4.0e+09 6.0e+09 8.0e+09 1.2e+10 2.0e+10
135 148.21 11.3 12.5 13.6 14.9 17.8 20.0 8.0e+07 1.2e+08 2.0e+08 3.2e+08 4.0e+08 6.0e+08 8.0e+08 1.2e+09 2.0e+09 3.2e+09 4.0e+09 6.0e+09 8.0e+09 1.2e+10 2.0e+10
136 148.77 11.3 12.5 13.6 14.9 17.8 20.0 8.0e+07 1.2e+08 2.0e+08 3.2e+08 4.0e+08 6.0e+08 8.0e+08 1.2e+09 2.0e+09 3.2e+09 4.0e+09 6.0e+09 8.0e+09 1.2e+10 2.0e+10
137 149.32 11.2 12.5 13.6 14.8 17.8 20.0 8.0e+07 1.2e+08 2.0e+08 3.2e+08 4.0e+08 6.0e+08 8.0e+08 1.2e+09 2.0e+09 3.2e+09 4.0e+09 6.0e+09 8.0e+09 1.2e+10 2.0e+10
138 149.86 11.2 12.5 13.5 14.8 17.8 20.0 8.0e+07 1.2e+08 2.0e+08 3.2e+08 4.0e+08 6.0e+08 8.0e+08 1.2e+09 2.0e+09 3.2e+09 4.0e+09 6.0e+09 8.0e+09 1.2e+10 2.0e+10
139 150.41 11.2 12.4 13.5 14.8 17.7 20.0 8.0e+07 1.2e+08 2.0e+08 3.2e+08 4.0e+08 6.0e+08 8.0e+08 1.2e+09 2.0e+09 3.2e+09 4.0e+09 6.0e+09 8.0e+09 1.2e+10 2.0e+10
140 150.95 11.1 12.4 13.5 14.8 17.7 20.0 8.0e+07 1.2e+08 2.0e+08 3.2e+08 4.0e+08 6.0e+08 8.0e+08 1.2e+09 2.0e+09 3.2e+09 4.0e+09 6.0e+09 8.0e+09 1.2e+10 2.0e+10
141 151.50 11.1 12.4 13.4 14.7 17.7 20.0 8.0e+07 1.2e+08 2.0e+08 3.2e+08 4.0e+08 6.0e+08 8.0e+08 1.2e+09 2.0e+09 3.2e+09 4.0e+09 6.0e+09 8.0e+09 1.2e+10 2.0e+10
142 152.04 11.1 12.3 13.4 14.7 17.7 20.0 8.0e+07 1.2e+08 2.0e+08 3.2e+08 4.0e+08 6.0e+08 8.0e+08 1.2e+09 2.0e+09 3.2e+09 4.0e+09 6.0e+09 8.0e+09 1.2e+10 2.0e+10
143 152.58 11.0 12.3 13.4 14.7 17.6 20.0 8.0e+07 1.2e+08 2.0e+08 3.2e+08 4.0e+08 6.0e+08 8.0e+08 1.2e+09 2.0e+09 3.2e+09 4.0e+09 6.0e+09 8.0e+09 1.2e+10 2.0e+10
144 153.12 11.0 12.3 13.4 14.6 17.6 20.0 8.0e+07 1.2e+08 2.0e+08 3.2e+08 4.0e+08 6.0e+08 8.0e+08 1.2e+09 2.0e+09 3.2e+09 4.0e+09 6.0e+09 8.0e+09 1.2e+10 2.0e+10
145 153.67 11.0 12.2 13.3 14.6 17.6 20.0 8.0e+07 1.2e+08 2.0e+08 3.2e+08 4.0e+08 6.0e+08 8.0e+08 1.2e+09 2.0e+09 3.2e+09 4.0e+09 6.0e+09 8.0e+09 1.2e+10 2.0e+10
146 154.20 10.9 12.2 13.3 14.6 17.6 20.0 8.0e+07 1.2e+08 2.0e+08 3.2e+08 4.0e+08 6.0e+08 8.0e+08 1.2e+09 2.0e+09 3.2e+09 4.0e+09 6.0e+09 8.0e+09 1.2e+10 2.0e+10
147 154.74 10.9 12.2 13.3 14.6 17.6 20.0 8.0e+07 1.2e+08 2.0e+08 3.2e+08 4.0e+08 6.0e+08 8.0e+08 1.2e+09 2.0e+09 3.2e+09 4.0e+09 6.0e+09 8.0e+09 1.2e+10 2.0e+10
148 155.28 10.9 12.2 13.3 14.6 17.5 20.0 8.0e+07 1.2e+08 2.0e+08 3.2e+08 4.0e+08 6.0e+08 8.0e+08 1.2e+09 2.0e+09 3.2e+09 4.0e+09 6.0e+09 8.0e+09 1.2e+10 2.0e+10
149 155.82 10.8 12.1 13.2 14.5 17.5 20.0 8.0e+07 1.2e+08 2.0e+08 3.2e+08 4.0e+08 6.0e+08 8.0e+08 1.2e+09 2.0e+09 3.2e+09 4.0e+09 6.0e+09 8.0e+09 1.2e+10 2.0e+10
150 156.35 10.8 12.1 13.2 14.5 17.5 20.0 8.0e+07 1.2e+08 2.0e+08 3.2e+08 4.0e+08 6.0e+08 8.0e+08 1.2e+09 2.0e+09 3.2e+09 4.0e+09 6.0e+09 8.0e+09 1.2e+10 2.0e+10
151 156.89 10.8 12.1 13.2 14.5 17.5 20.0 8.0e+07 1.2e+08 2.0e+08 3.2e+08 4.0e+08 6.0e+08 8.0e+08 1.2e+09 2.0e+09 3.2e+09 4.0e+09 6.0e+09 8.0e+09 1.2e+10 2.0e+10
152 157.43 10.7 12.0 13.1 14.5 17.5 20.0 8.0e+07 1.2e+08 2.0e+08 3.2e+08 4.0e+08 6.0e+08 8.0e+08 1.2e+09 2.0e+09 3.2e+09 4.0e+09 6.0e+09 8.0e+09 1.2e+10 2.0e+10
153 157.96 10.7 12.0 13.1 14.4 17.4 20.0 8.0e+07 1.2e+08 2.0e+08 3.2e+08 4.0e+08 6.0e+08 8.0e+08 1.2e+09 2.0e+09 3.2e+09 4.0e+09 6.0e+09 8.0e+09 1.2e+10 2.0e+10
154 158.49 10.7 12.0 13.1 14.4 17.4 20.0 8.0e+07 1.2e+08 2.0e+08 3.2e+08 4.0e+08 6.0e+08 8.0e+08 1.2e+09 2.0e+09 3.2e+09 4.0e+09 6.0e+09 8.0e+09 1.2e+10 2.0e+10
155 159.03 10.6 12.0 13.1 14.4 17.4 20.0 8.0e+07 1.2e+08 2.0e+08 3.2e+08 4.0e+08 6.0e+08 8.0e+08 1.2e+09 2.0e+09 3.2e+09 4.0e+09 6.0e+09 8.0e+09 1.2e+10 2.0e+10
156 159.56 10.6 11.9 13.0 14.4 17.4 20.0 8.0e+07 1.2e+08 2.0e+08 3.2e+08 4.0e+08 6.0e+08 8.0e+08 1.2e+09 2.0e+09 3.2e+09 4.0e+09 6.0e+09 8.0e+09 1.2e+10 2.0e+10
157 160.09 10.6 11.9 13.0 14.3 17.4 20.0 8.0e+07 1.2e+08 2.0e+08 3.2e+08 4.0e+08 6.0e+08 8.0e+08 1.2e+09 2.0e+09 3.2e+09 4.0e+09 6.0e+09 8.0e+09 1.2e+10 2.0e+10
158 160.62 10.5 11.9 13.0 14.3 17.3 20.0 8.0e+07 1.2e+08 2.0e+08 3.2e+08 4.0e+08 6.0e+08 8.0e+08 1.2e+09 2.0e+09 3.2e+09 4.0e+09 6.0e+09 8.0e+09 1.2e+10 2.0e+10
159 161.15 10.5 11.8 13.0 14.3 17.3 20.0 8.0e+07 1.2e+08 2.0e+08 3.2e+08 4.0e+08 6.0e+08 8.0e+08 1.2e+09 2.0e+09 3.2e+09 4.0e+09 6.0e+09 8.0e+09 1.2e+10 2.0e+10
160 161.68 10.5 11.8 12.9 14.3 17.3 20.0 8.0e+07 1.2e+08 2.0e+08 3.2e+08 4.0e+08 6.0e+08 8.0e+08 1.2e+09 2.0e+09 3.2e+09 4.0e+09 6.0e+09 8.0e+09 1.2e+10 2.0e+10
161 162.21 10.4 11.8 12.9 14.2 17.3 20.0 8.0e+07 1.2e+08 2.0e+08 3.2e+08 4.0e+08 6.0e+08 8.0e+08 1.2e+09 2.0e+09 3.2e+09 4.0e+09 6.0e+09 8.0e+09 1.2e+10 2.0e+10
162 162.74 10.4 11.8 12.9 14.2 17.3 20.0 8.0e+07 1.2e+08 2.0e+08 3.2e+08 4.0e+08 6.0e+08 8.0e+08 1.2e+09 2.0e+09 3.2e+09 4.0e+09 6.0e+09 8.0e+09 1.2e+10 2.0e+10
163 163.27 10.4 11.7 12.9 14.2 17.2 20.0 8.0e+07 1.2e+08 2.0e+08 3.2e+08 4.0e+08 6.0e+08 8.0e+08 1.2e+09 2.0e+09 3.2e+09 4.0e+09 6.0e+09 8.0e+09 1.2e+10 2.0e+10
164 163.79 10.3 11.7 12.8 14.2 17.2 20.0 8.0e+07 1.2e+08 2.0e+08 3.2e+08 4.0e+08 6.0e+08 8.0e+08 1.2e+09 2.0e+09 3.2e+09 4.0e+09 6.0e+09 8.0e+09 1.2e+10 2.0e+10
165 164.32 10.3 11.7 12.8 14.1 17.2 20.0 8.0e+07 1.2e+08 2.0e+08 3.2e+08 4.0e+08 6.0e+08 8.0e+08 1.2e+09 2.0e+09 3.2e+09 4.0e+09 6.0e+09 8.0e+09 1.2e+10 2.0e+10
166 164.84 10.3 11.6 12.8 14.1 17.2 20.0 8.0e+07 1.2e+08 2.0e+08 3.2e+08 4.0e+08 6.0e+08 8.0e+08 1.2e+09 2.0e+09 3.2e+09 4.0e+09 6.0e+09 8.0e+09 1.2e+10 2.0e+10
167 165.37 10.3 11.6 12.8 14.1 17.2 20.0 8.0e+07 1.2e+08 2.0e+08 3.2e+08 4.0e+08 6.0e+08 8.0e+08 1.2e+09 2.0e+09 3.2e+09 4.0e+09 6.0e+09 8.0e+09 1.2e+10 2.0e+10
168 165.89 10.2 11.6 12.7 14.1 17.2 20.0 8.0e+07 1.2e+08 2.0e+08 3.2e+08 4.0e+08 6.0e+08 8.0e+08 1.2e+09 2.0e+09 3.2e+09 4.0e+09 6.0e+09 8.0e+09 1.2e+10 2.0e+10
169 166.41 10.2 11.6 12.7 14.1 17.1 20.0 8.0e+07 1.2e+08 2.0e+08 3.2e+08 4.0e+08 6.0e+08 8.0e+08 1.2e+09 2.0e+09 3.2e+09 4.0e+09 6.0e+09 8.0e+09 1.2e+10 2.0e+10
170 166.94 10.2 11.5 12.7 14.0 17.1 20.0 8.0e+07 1.2e+08 2.0e+08 3.2e+08 4.0e+08 6.0e+08 8.0e+08 1.2e+09 2.0e+09 3.2e+09 4.0e+09 6.0e+09 8.0e+09 1.2e+10 2.0e+10
171 167.46 10.1 11.5 12.7 14.0 17.1 20.0 8.0e+07 1.2e+08 2.0e+08 3.2e+08 4.0e+08 6.0e+08 8.0e+08 1.2e+09 2.0e+09 3.2e+09 4.0e+09 6.0e+09 8.0e+09 1.2e+10 2.0e+10
172 167.98 10.1 11.5 12.6 14.0 17.1 20.0 8.0e+07 1.2e+08 2.0e+08 3.2e+08 4.0e+08 6.0e+08 8.0e+08 1.2e+09 2.0e+09 3.2e+09 4.0e+09 6.0e+09 8.0e+09 1.2e+10 2.0e+10
173 168.50 10.1 11.5 12.6 14.0 17.1 20.0 8.0e+07 1.2e+08 2.0e+08 3.2e+08 4.0e+08 6.0e+08 8.0e+08 1.2e+09 2.0e+09 3.2e+09 4.0e+09 6.0e+09 8.0e+09 1.2e+10 2.0e+10
174 169.02 10.0 11.4 12.6 13.9 17.0 20.0 8.0e+07 1.2e+08 2.0e+08 3.2e+08 4.0e+08 6.0e+08 8.0e+08 1.2e+09 2.0e+09 3.2e+09 4.0e+09 6.0e+09 8.0e+09 1.2e+10 2.0e+10
175 169.54 10.0 11.4 12.6 13.9 17.0 20.0 8.0e+07 1.2e+08 2.0e+08 3.2e+08 4.0e+08 6.0e+08 8.0e+08 1.2e+09 2.0e+09 3.2e+09 4.0e+09 6.0e+09 8.0e+09 1.2e+10 2.0e+10
176 170.05 10.0 11.4 12.5 13.9 17.0 20.0 8.0e+07 1.2e+08 2.0e+08 3.2e+08 4.0e+08 6.0e+08 8.0e+08 1.2e+09 2.0e+09 3.2e+09 4.0e+09 6.0e+09 8.0e+09 1.2e+10 2.0e+10
177 170.57  9.9 11.3 12.5 13.9 17.0 20.0 8.0e+07 1.2e+08 2.0e+08 3.2e+08 4.0e+08 6.0e+08 8.0e+08 1.2e+09 2.0e+09 3.2e+09 4.0e+09 6.0e+09 8.0e+09 1.2e+10 2.0e+10
178 171.08  9.9 11.3 12.5 13.9 17.0 20.0 8.0e+07 1.2e+08 2.0e+08 3.2e+08 4.0e+08 6.0e+08 8.0e+08 1.2e+09 2.0e+09 3.2e+09 4.0e+09 6.0e+09 8.0e+09 1.2e+10 2.0e+10
179 171.60  9.9 11.3 12.5 13.8 17.0 20.0 8.0e+07 1.2e+08 2.0e+08 3.2e+08 4.0e+08 6.0e+08 8.0e+08 1.2e+09 2.0e+09 3.2e+09 4.0e+09 6.0e+09 8.0e+09 1.2e+10 2.0e+10
180 172.11  9.9 11.3 12.4 13.8 16.9 20.0 8.0e+07 1.2e+08 2.0e+08 3.2e+08 4.0e+08 6.0e+08 8.0e+08 1.2e+09 2.0e+09 3.2e+09 4.0e+09 6.0e+09 8.0e+09 1.2e+10 2.0e+10
181 172.62  9.8 11.2 12.4 13.8 16.9 20.0 8.0e+07 1.2e+08 2.0e+08 3.2e+08 4.0e+08 6.0e+08 8.0e+08 1.2e+09 2.0e+09 3.2e+09 4.0e+09 6.0e+09 8.0e+09 1.2e+10 2.0e+10
182 173.11  9.8 11.2 12.4 13.8 16.9 20.0 8.0e+07 1.2e+08 2.0e+08 3.2e+08 4.0e+08 6.0e+08 8.0e+08 1.2e+09 2.0e+09 3.2e+09 4.0e+09 6.0e+09 8.0e+09 1.2e+10 2.0e+10
183 173.86  9.8 11.2 12.4 13.7 16.9 20.0 8.0e+07 1.2e+08 2.0e+08 3.2e+08 4.0e+08 6.0e+08 8.0e+08 1.2e+09 2.0e+09 3.2e+09 4.0e+09 6.0e+09 8.0e+09 1.2e+10 2.0e+10
184 174.34  9.7 11.2 12.3 13.7 16.9 20.0 8.0e+07 1.2e+08 2.0e+08 3.2e+08 4.0e+08 6.0e+08 8.0e+08 1.2e+09 2.0e+09 3.2e+09 4.0e+09 6.0e+09 8.0e+09 1.2e+10 2.0e+10
185 174.83  9.7 11.1 12.3 13.7 16.8 20.0 8.0e+07 1.2e+08 2.0e+08 3.2e+08 4.0e+08 6.0e+08 8.0e+08 1.2e+09 2.0e+09 3.2e+09 4.0e+09 6.0e+09 8.0e+09 1.2e+10 2.0e+10
186 175.31  9.7 11.1 12.3 13.7 16.8 20.0 8.0e+07 1.2e+08 2.0e+08 3.2e+08 4.0e+08 6.0e+08 8.0e+08 1.2e+09 2.0e+09 3.2e+09 4.0e+09 6.0e+09 8.0e+09 1.2e+10 2.0e+10
187 175.79  9.6 11.1 12.3 13.7 16.8 20.0 8.0e+07 1.2e+08 2.0e+08 3.2e+08 4.0e+08 6.0e+08 8.0e+08 1.2e+09 2.0e+09 3.2e+09 4.0e+09 6.0e+09 8.0e+09 1.2e+10 2.0e+10
188 176.27  9.6 11.1 12.3 13.6 16.8 20.0 8.0e+07 1.2e+08 2.0e+08 3.2e+08 4.0e+08 6.0e+08 8.0e+08 1.2e+09 2.0e+09 3.2e+09 4.0e+09 6.0e+09 8.0e+09 1.2e+10 2.0e+10
189 176.75  9.6 11.0 12.2 13.6 16.8 20.0 8.0e+07 1.2e+08 2.0e+08 3.2e+08 4.0e+08 6.0e+08 8.0e+08 1.2e+09 2.0e+09 3.2e+09 4.0e+09 6.0e+09 8.0e+09 1.2e+10 2.0e+10
190 177.23  9.6 11.0 12.2 13.6 16.8 20.0 8.0e+07 1.2e+08 2.0e+08 3.2e+08 4.0e+08 6.0e+08 8.0e+08 1.2e+09 2.0e+09 3.2e+09 4.0e+09 6.0e+09 8.0e+09 1.2e+10 2.0e+10
191 177.70  9.5 11.0 12.2 13.6 16.8 20.0 8.0e+07 1.2e+08 2.0e+08 3.2e+08 4.0e+08 6.0e+08 8.0e+08 1.2e+09 2.0e+09 3.2e+09 4.0e+09 6.0e+09 8.0e+09 1.2e+10 2.0e+10
192 178.18  9.5 11.0 12.2 13.6 16.7 20.0 8.0e+07 1.2e+08 2.0e+08 3.2e+08 4.0e+08 6.0e+08 8.0e+08 1.2e+09 2.0e+09 3.2e+09 4.0e+09 6.0e+09 8.0e+09 1.2e+10 2.0e+10
193 179.03  9.5 10.9 12.1 13.5 16.7 20.0 8.0e+07 1.2e+08 2.0e+08 3.2e+08 4.0e+08 6.0e+08 8.0e+08 1.2e+09 2.0e+09 3.2e+09 4.0e+09 6.0e+09 8.0e+09 1.2e+10 2.0e+10
194 179.76  9.4 10.9 12.1 13.5 16.7 20.0 8.0e+07 1.2e+08 2.0e+08 3.2e+08 4.0e+08 6.0e+08 8.0e+08 1.2e+09 2.0e+09 3.2e+09 4.0e+09 6.0e+09 8.0e+09 1.2e+10 2.0e+10
195 180.49  9.4 10.8 12.1 13.5 16.7 20.0 8.0e+07 1.2e+08 2.0e+08 3.2e+08 4.0e+08 6.0e+08 8.0e+08 1.2e+09 2.0e+09 3.2e+09 4.0e+09 6.0e+09 8.0e+09 1.2e+10 2.0e+10
196 181.22  9.3 10.8 12.0 13.5 16.6 20.0 8.0e+07 1.2e+08 2.0e+08 3.2e+08 4.0e+08 6.0e+08 8.0e+08 1.2e+09 2.0e+09 3.2e+09 4.0e+09 6.0e+09 8.0e+09 1.2e+10 2.0e+10
197 181.94  9.3 10.8 12.0 13.4 16.6 20.0 8.0e+07 1.2e+08 2.0e+08 3.2e+08 4.0e+08 6.0e+08 8.0e+08 1.2e+09 2.0e+09 3.2e+09 4.0e+09 6.0e+09 8.0e+09 1.2e+10 2.0e+10
198 182.66  9.3 10.7 12.0 13.4 16.6 20.0 8.0e+07 1.2e+08 2.0e+08 3.2e+08 4.0e+08 6.0e+08 8.0e+08 1.2e+09 2.0e+09 3.2e+09 4.0e+09 6.0e+09 8.0e+09 1.2e+10 2.0e+10
199 183.38  9.2 10.7 11.9 13.4 16.6 20.0 8.0e+07 1.2e+08 2.0e+08 3.2e+08 4.0e+08 6.0e+08 8.0e+08 1.2e+09 2.0e+09 3.2e+09 4.0e+09 6.0e+09 8.0e+09 1.2e+10 2.0e+10
200 184.10  9.2 10.7 11.9 13.3 16.6 20.0 8.0e+07 1.2e+08 2.0e+08 3.2e+08 4.0e+08 6.0e+08 8.0e+08 1.2e+09 2.0e+09 3.2e+09 4.0e+09 6.0e+09 8.0e+09 1.2e+10 2.0e+10
201 184.81  9.1 10.6 11.9 13.3 16.5 20.0 8.0e+07 1.2e+08 2.0e+08 3.2e+08 4.0e+08 6.0e+08 8.0e+08 1.2e+09 2.0e+09 3.2e+09 4.0e+09 6.0e+09 8.0e+09 1.2e+10 2.0e+10
202 185.53  9.1 10.6 11.9 13.3 16.5 20.0 8.0e+07 1.2e+08 2.0e+08 3.2e+08 4.0e+08 6.0e+08 8.0e+08 1.2e+09 2.0e+09 3.2e+09 4.0e+09 6.0e+09 8.0e+09 1.2e+10 2.0e+10
203 186.24  9.1 10.6 11.8 13.3 16.5 20.0 8.0e+07 1.2e+08 2.0e+08 3.2e+08 4.0e+08 6.0e+08 8.0e+08 1.2e+09 2.0e+09 3.2e+09 4.0e+09 6.0e+09 8.0e+09 1.2e+10 2.0e+10
204 186.95  9.0 10.6 11.8 13.2 16.5 20.0 8.0e+07 1.2e+08 2.0e+08 3.2e+08 4.0e+08 6.0e+08 8.0e+08 1.2e+09 2.0e+09 3.2e+09 4.0e+09 6.0e+09 8.0e+09 1.2e+10 2.0e+10
205 187.66  9.0 10.5 11.8 13.2 16.5 20.0 8.0e+07 1.2e+08 2.0e+08 3.2e+08 4.0e+08 6.0e+08 8.0e+08 1.2e+09 2.0e+09 3.2e+09 4.0e+09 6.0e+09 8.0e+09 1.2e+10 2.0e+10
206 188.37  9.0 10.5 11.7 13.2 16.4 20.0 8.0e+07 1.2e+08 2.0e+08 3.2e+08 4.0e+08 6.0e+08 8.0e+08 1.2e+09 2.0e+09 3.2e+09 4.0e+09 6.0e+09 8.0e+09 1.2e+10 2.0e+10
207 189.07  8.9 10.5 11.7 13.2 16.4 20.0 8.0e+07 1.2e+08 2.0e+08 3.2e+08 4.0e+08 6.0e+08 8.0e+08 1.2e+09 2.0e+09 3.2e+09 4.0e+09 6.0e+09 8.0e+09 1.2e+10 2.0e+10
208 189.77  8.9 10.4 11.7 13.1 16.4 20.0 8.0e+07 1.2e+08 2.0e+08 3.2e+08 4.0e+08 6.0e+08 8.0e+08 1.2e+09 2.0e+09 3.2e+09 4.0e+09 6.0e+09 8.0e+09 1.2e+10 2.0e+10
209 190.48  8.9 10.4 11.7 13.1 16.4 20.0 8.0e+07 1.2e+08 2.0e+08 3.2e+08 4.0e+08 6.0e+08 8.0e+08 1.2e+09 2.0e+09 3.2e+09 4.0e+09 6.0e+09 8.0e+09 1.2e+10 2.0e+10
210 191.18  8.8 10.4 11.6 13.1 16.4 20.0 8.0e+07 1.2e+08 2.0e+08 3.2e+08 4.0e+08 6.0e+08 8.0e+08 1.2e+09 2.0e+09 3.2e+09 4.0e+09 6.0e+09 8.0e+09 1.2e+10 2.0e+10
211 191.87  8.8 10.3 11.6 13.1 16.3 20.0 8.0e+07 1.2e+08 2.0e+08 3.2e+08 4.0e+08 6.0e+08 8.0e+08 1.2e+09 2.0e+09 3.2e+09 4.0e+09 6.0e+09 8.0e+09 1.2e+10 2.0e+10
212 192.57  8.8 10.3 11.6 13.1 16.3 20.0 8.0e+07 1.2e+08 2.0e+08 3.2e+08 4.0e+08 6.0e+08 8.0e+08 1.2e+09 2.0e+09 3.2e+09 4.0e+09 6.0e+09 8.0e+09 1.2e+10 2.0e+10
213 193.26  8.7 10.3 11.6 13.0 16.3 20.0 8.0e+07 1.2e+08 2.0e+08 3.2e+08 4.0e+08 6.0e+08 8.0e+08 1.2e+09 2.0e+09 3.2e+09 4.0e+09 6.0e+09 8.0e+09 1.2e+10 2.0e+10
214 193.96  8.7 10.3 11.5 13.0 16.3 20.0 8.0e+07 1.2e+08 2.0e+08 3.2e+08 4.0e+08 6.0e+08 8.0e+08 1.2e+09 2.0e+09 3.2e+09 4.0e+09 6.0e+09 8.0e+09 1.2e+10 2.0e+10
215 194.64  8.7 10.2 11.5 13.0 16.3 20.0 8.0e+07 1.2e+08 2.0e+08 3.2e+08 4.0e+08 6.0e+08 8.0e+08 1.2e+09 2.0e+09 3.2e+09 4.0e+09 6.0e+09 8.0e+09 1.2e+10 2.0e+10
216 195.34  8.6 10.2 11.5 13.0 16.3 20.0 8.0e+07 1.2e+08 2.0e+08 3.2e+08 4.0e+08 6.0e+08 8.0e+08 1.2e+09 2.0e+09 3.2e+09 4.0e+09 6.0e+09 8.0e+09 1.2e+10 2.0e+10
217 196.02  8.6 10.2 11.5 12.9 16.2 20.0 8.0e+07 1.2e+08 2.0e+08 3.2e+08 4.0e+08 6.0e+08 8.0e+08 1.2e+09 2.0e+09 3.2e+09 4.0e+09 6.0e+09 8.0e+09 1.2e+10 2.0e+10
218 196.71  8.6 10.2 11.5 12.9 16.2 20.0 8.0e+07 1.2e+08 2.0e+08 3.2e+08 4.0e+08 6.0e+08 8.0e+08 1.2e+09 2.0e+09 3.2e+09 4.0e+09 6.0e+09 8.0e+09 1.2e+10 2.0e+10
219 197.39  8.5 10.1 11.4 12.9 16.2 20.0 8.0e+07 1.2e+08 2.0e+08 3.2e+08 4.0e+08 6.0e+08 8.0e+08 1.2e+09 2.0e+09 3.2e+09 4.0e+09 6.0e+09 8.0e+09 1.2e+10 2.0e+10
220 198.07  8.5 10.1 11.4 12.9 16.2 20.0 8.0e+07 1.2e+08 2.0e+08 3.2e+08 4.0e+08 6.0e+08 8.0e+08 1.2e+09 2.0e+09 3.2e+09 4.0e+09 6.0e+09 8.0e+09 1.2e+10 2.0e+10
221 198.76  8.5 10.1 11.4 12.9 16.2 20.0 8.0e+07 1.2e+08 2.0e+08 3.2e+08 4.0e+08 6.0e+08 8.0e+08 1.2e+09 2.0e+09 3.2e+09 4.0e+09 6.0e+09 8.0e+09 1.2e+10 2.0e+10
222 199.44  8.5 10.1 11.4 12.9 16.2 20.0 8.0e+07 1.2e+08 2.0e+08 3.2e+08 4.0e+08 6.0e+08 8.0e+08 1.2e+09 2.0e+09 3.2e+09 4.0e+09 6.0e+09 8.0e+09 1.2e+10 2.0e+10
223 200.11  8.4 10.0 11.3 12.8 16.1 20.0 8.0e+07 1.2e+08 2.0e+08 3.2e+08 4.0e+08 6.0e+08 8.0e+08 1.2e+09 2.0e+09 3.2e+09 4.0e+09 6.0e+09 8.0e+09 1.2e+10 2.0e+10
224 200.79  8.4 10.0 11.3 12.8 16.1 20.0 8.0e+07 1.2e+08 2.0e+08 3.2e+08 4.0e+08 6.0e+08 8.0e+08 1.2e+09 2.0e+09 3.2e+09 4.0e+09 6.0e+09 8.0e+09 1.2e+10 2.0e+10
225 201.47  8.4 10.0 11.3 12.8 16.1 20.0 8.0e+07 1.2e+08 2.0e+08 3.2e+08 4.0e+08 6.0e+08 8.0e+08 1.2e+09 2.0e+09 3.2e+09 4.0e+09 6.0e+09 8.0e+09 1.2e+10 2.0e+10
226 202.14  8.4 10.0 11.3 12.8 16.1 20.0 8.0e+07 1.2e+08 2.0e+08 3.2e+08 4.0e+08 6.0e+08 8.0e+08 1.2e+09 2.0e+09 3.2e+09 4.0e+09 6.0e+09 8.0e+09 1.2e+10 2.0e+10
227 202.81  8.3 10.0 11.3 12.8 16.1 20.0 8.0e+07 1.2e+08 2.0e+08 3.2e+08 4.0e+08 6.0e+08 8.0e+08 1.2e+09 2.0e+09 3.2e+09 4.0e+09 6.0e+09 8.0e+09 1.2e+10 2.0e+10
228 203.48  8.3  9.9 11.3 12.8 16.1 20.0 8.0e+07 1.2e+08 2.0e+08 3.2e+08 4.0e+08 6.0e+08 8.0e+08 1.2e+09 2.0e+09 3.2e+09 4.0e+09 6.0e+09 8.0e+09 1.2e+10 2.0e+10
229 204.15  8.3  9.9 11.2 12.7 16.1 20.0 8.0e+07 1.2e+08 2.0e+08 3.2e+08 4.0e+08 6.0e+08 8.0e+08 1.2e+09 2.0e+09 3.2e+09 4.0e+09 6.0e+09 8.0e+09 1.2e+10 2.0e+10
230 204.82  8.3  9.9 11.2 12.7 16.1 20.0 8.0e+07 1.2e+08 2.0e+08 3.2e+08 4.0e+08 6.0e+08 8.0e+08 1.2e+09 2.0e+09 3.2e+09 4.0e+09 6.0e+09 8.0e+09 1.2e+10 2.0e+10
231 205.48  8.2  9.9 11.2 12.7 16.1 20.0 8.0e+07 1.2e+08 2.0e+08 3.2e+08 4.0e+08 6.0e+08 8.0e+08 1.2e+09 2.0e+09 3.2e+09 4.0e+09 6.0e+09 8.0e+09 1.2e+10 2.0e+10
232 206.15  8.2  9.9 11.2 12.7 16.0 20.0 8.0e+07 1.2e+08 2.0e+08 3.2e+08 4.0e+08 6.0e+08 8.0e+08 1.2e+09 2.0e+09 3.2e+09 4.0e+09 6.0e+09 8.0e+09 1.2e+10 2.0e+10
233 206.81  8.2  9.9 11.2 12.7 16.0 20.0 8.0e+07 1.2e+08 2.0e+08 3.2e+08 4.0e+08 6.0e+08 8.0e+08 1.2e+09 2.0e+09 3.2e+09 4.0e+09 6.0e+09 8.0e+09 1.2e+10 2.0e+10
234 207.47  8.2  9.8 11.2 12.7 16.0 20.0 8.0e+07 1.2e+08 2.0e+08 3.2e+08 4.0e+08 6.0e+08 8.0e+08 1.2e+09 2.0e+09 3.2e+09 4.0e+09 6.0e+09 8.0e+09 1.2e+10 2.0e+10
235 208.13  8.2  9.8 11.2 12.7 16.0 20.0 8.0e+07 1.2e+08 2.0e+08 3.2e+08 4.0e+08 6.0e+08 8.0e+08 1.2e+09 2.0e+09 3.2e+09 4.0e+09 6.0e+09 8.0e+09 1.2e+10 2.0e+10
236 208.79  8.2  9.8 11.2 12.7 16.0 20.0 8.0e+07 1.2e+08 2.0e+08 3.2e+08 4.0e+08 6.0e+08 8.0e+08 1.2e+09 2.0e+09 3.2e+09 4.0e+09 6.0e+09 8.0e+09 1.2e+10 2.0e+10
237 209.45  8.1  9.8 11.1 12.7 16.0 20.0 8.0e+07 1.2e+08 2.0e+08 3.2e+08 4.0e+08 6.0e+08 8.0e+08 1.2e+09 2.0e+09 3.2e+09 4.0e+09 6.0e+09 8.0e+09 1.2e+10 2.0e+10
238 210.11  8.1  9.8 11.1 12.6 16.0 20.0 8.0e+07 1.2e+08 2.0e+08 3.2e+08 4.0e+08 6.0e+08 8.0e+08 1.2e+09 2.0e+09 3.2e+09 4.0e+09 6.0e+09 8.0e+09 1.2e+10 2.0e+10
239 210.76  8.1  9.8 11.1 12.6 16.0 20.0 8.0e+07 1.2e+08 2.0e+08 3.2e+08 4.0e+08 6.0e+08 8.0e+08 1.2e+09 2.0e+09 3.2e+09 4.0e+09 6.0e+09 8.0e+09 1.2e+10 2.0e+10
240 211.42  8.1  9.8 11.1 12.6 16.0 20.0 8.0e+07 1.2e+08 2.0e+08 3.2e+08 4.0e+08 6.0e+08 8.0e+08 1.2e+09 2.0e+09 3.2e+09 4.0e+09 6.0e+09 8.0e+09 1.2e+10 2.0e+10
241 212.06  8.1  9.8 11.1 12.6 16.0 20.0 8.0e+07 1.2e+08 2.0e+08 3.2e+08 4.0e+08 6.0e+08 8.0e+08 1.2e+09 2.0e+09 3.2e+09 4.0e+09 6.0e+09 8.0e+09 1.2e+10 2.0e+10
242 212.72  8.1  9.8 11.1 12.6 16.0 20.0 8.0e+07 1.2e+08 2.0e+08 3.2e+08 4.0e+08 6.0e+08 8.0e+08 1.2e+09 2.0e+09 3.2e+09 4.0e+09 6.0e+09 8.0e+09 1.2e+10 2.0e+10
243 213.37  8.1  9.7 11.1 12.6 16.0 20.0 8.0e+07 1.2e+08 2.0e+08 3.2e+08 4.0e+08 6.0e+08 8.0e+08 1.2e+09 2.0e+09 3.2e+09 4.0e+09 6.0e+09 8.0e+09 1.2e+10 2.0e+10
244 214.01  8.1  9.7 11.1 12.6 16.0 20.0 8.0e+07 1.2e+08 2.0e+08 3.2e+08 4.0e+08 6.0e+08 8.0e+08 1.2e+09 2.0e+09 3.2e+09 4.0e+09 6.0e+09 8.0e+09 1.2e+10 2.0e+10
245 214.66  8.1  9.7 11.1 12.6 16.0 20.0 8.0e+07 1.2e+08 2.0e+08 3.2e+08 4.0e+08 6.0e+08 8.0e+08 1.2e+09 2.0e+09 3.2e+09 4.0e+09 6.0e+09 8.0e+09 1.2e+10 2.0e+10
246 215.30  8.1  9.7 11.1 12.6 16.0 20.0 8.0e+07 1.2e+08 2.0e+08 3.2e+08 4.0e+08 6.0e+08 8.0e+08 1.2e+09 2.0e+09 3.2e+09 4.0e+09 6.0e+09 8.0e+09 1.2e+10 2.0e+10
247 215.95  8.1  9.7 11.1 12.6 16.0 20.0 8.0e+07 1.2e+08 2.0e+08 3.2e+08 4.0e+08 6.0e+08 8.0e+08 1.2e+09 2.0e+09 3.2e+09 4.0e+09 6.0e+09 8.0e+09 1.2e+10 2.0e+10
248 216.59  8.1  9.7 11.1 12.6 16.0 20.0 8.0e+07 1.2e+08 2.0e+08 3.2e+08 4.0e+08 6.0e+08 8.0e+08 1.2e+09 2.0e+09 3.2e+09 4.0e+09 6.0e+09 8.0e+09 1.2e+10 2.0e+10
249 217.23  8.1  9.7 11.1 12.6 16.0 20.0 8.0e+07 1.2e+08 2.0e+08 3.2e+08 4.0e+08 6.0e+08 8.0e+08 1.2e+09 2.0e+09 3.2e+09 4.0e+09 6.0e+09 8.0e+09 1.2e+10 2.0e+10
250 217.87  8.1  9.7 11.1 12.6 16.0 20.0 8.0e+07 1.2e+08 2.0e+08 3.2e+08 4.0e+08 6.0e+08 8.0e+08 1.2e+09 2.0e+09 3.2e+09 4.0e+09 6.0e+09 8.0e+09 1.2e+10 2.0e+10
251 218.51  8.1  9.7 11.1 12.6 16.0 20.0 8.0e+07 1.2e+08 2.0e+08 3.2e+08 4.0e+08 6.0e+08 8.0e+08 1.2e+09 2.0e+09 3.2e+09 4.0e+09 6.0e+09 8.0e+09 1.2e+10 2.0e+10
252 219.15  8.1  9.7 11.1 12.6 16.0 20.0 8.0e+07 1.2e+08 2.0e+08 3.2e+08 4.0e+08 6.0e+08 8.0e+08 1.2e+09 2.0e+09 3.2e+09 4.0e+09 6.0e+09 8.0e+09 1.2e+10 2.0e+10
253 219.80  8.1  9.7 11.1 12.6 16.0 20.0 8.0e+07 1.2e+08 2.0e+08 3.2e+08 4.0e+08 6.0e+08 8.0e+08 1.2e+09 2.0e+09 3.2e+09 4.0e+09 6.0e+09 8.0e+09 1.2e+10 2.0e+10
254 220.42  8.1  9.7 11.1 12.6 16.0 20.0 8.0e+07 1.2e+08 2.0e+08 3.2e+08 4.0e+08 6.0e+08 8.0e+08 1.2e+09 2.0e+09 3.2e+09 4.0e+09 6.0e+09 8.0e+09 1.2e+10 2.0e+10
255 221.06  8.1  9.7 11.1 12.6 16.0 20.0 8.0e+07 1.2e+08 2.0e+08 3.2e+08 4.0e+08 6.0e+08 8.0e+08 1.2e+09 2.0e+09 3.2e+09 4.0e+09 6.0e+09 8.0e+09 1.2e+10 2.0e+10
